[æ”¶åˆ°çš„åŽŸå§‹æ•¸æ“š(Uint8List)] [255, 47, 96, 91, 175, 49, 16, 102, 23, 4, 0, 0, 2, 0, 0, 164, 0]
[æ”¶åˆ°çš„åŽŸå§‹æ•¸æ“š(Uint8List)] [255, 255, 127, 57, 97, 151, 140, 46, 147, 150, 135, 94, 64, 0, 0, 74, 0]

[æ”¶åˆ°çš„åŽŸå§‹æ•¸æ“š(Uint8List)] [255, 101, 14, 95, 175, 49, 0, 84, 23, 4, 0, 0, 2, 0, 0, 222, 0]
[æ”¶åˆ°çš„åŽŸå§‹æ•¸æ“š(Uint8List)] [255, 238, 116, 211, 99, 81, 144, 126, 131, 114, 125, 38, 97, 0, 0, 17, 0]

[æ”¶åˆ°çš„åŽŸå§‹æ•¸æ“š(Uint8List)] [255, 240, 188, 98, 175, 49, 112, 67, 23, 4, 0, 0, 2, 0, 0, 67, 0]
[æ”¶åˆ°çš„åŽŸå§‹æ•¸æ“š(Uint8List)] [255, 231, 127, 238, 127, 205, 130, 210, 134, 0, 129, 230, 63, 0, 0, 225, 0]

[æ”¶åˆ°çš„åŽŸå§‹æ•¸æ“š(Uint8List)] [255, 235, 107, 102, 175, 49, 80, 80, 23, 4, 0, 0, 2, 0, 0, 168, 0]
[æ”¶åˆ°çš„åŽŸå§‹æ•¸æ“š(Uint8List)] [255, 231, 127, 238, 127, 205, 130, 210, 134, 0, 129, 230, 63, 0, 0, 225, 0]
[æ”¶åˆ°çš„åŽŸå§‹æ•¸æ“š(Uint8List)] [255, 24, 26, 106, 175, 49, 160, 82, 23, 4, 0, 0, 2, 0, 0, 118, 0]
[æ”¶åˆ°çš„åŽŸå§‹æ•¸æ“š(Uint8List)] [255, 218, 127, 241, 127, 220, 127, 16, 129, 146, 128, 232, 63, 0, 0, 19, 0]
[æ”¶åˆ°çš„åŽŸå§‹æ•¸æ“š(Uint8List)] [255, 172, 242, 233, 174, 49, 176, 80, 23, 4, 0, 0, 2, 0, 0, 126, 0]
[æ”¶åˆ°çš„åŽŸå§‹æ•¸æ“š(Uint8List)] [255, 216, 127, 241, 127, 223, 127, 252, 128, 146, 128, 228, 63, 0, 0, 43, 0]




[FilteredRawData(last)] [255, 247, 127, 252, 127, 245, 127, 107, 128, 42, 128, 4, 95, 0, 0, 164, 0]
[FilteredRawData(last)] [255, 60, 8, 203, 136, 48, 96, 125, 10, 20, 0, 100, 2, 0, 0, 217, 0]
[FilteredRawData(last)] [255, 246, 127, 252, 127, 246, 127, 108, 128, 49, 128, 240, 95, 0, 0, 176, 0]
[FilteredRawData(last)] [255, 108, 182, 206, 136, 48, 240, 120, 10, 20, 0, 100, 2, 0, 0, 109, 0]
[FilteredRawData(last)] [255, 246, 127, 251, 127, 246, 127, 107, 128, 59, 128, 246, 95, 0, 0, 162, 0]


[filterData] åˆ†é¡žçµæžœï¼šâœ… ç¬¬ä¸€çµ„ -> [255, 252, 250, 157, 3, 88, 224, 122, 36, 5, 0, 100, 1, 0, 0, 43, 0]
[filterData] åˆ†é¡žçµæžœï¼šðŸ’  ç¬¬äºŒçµ„ -> [255, 217, 127, 241, 127, 223, 127, 142, 139, 162, 127, 140, 191, 0, 0, 86, 0]

[filterData] åˆ†é¡žçµæžœï¼šâœ… ç¬¬ä¸€çµ„ -> [255, 244, 169, 161, 3, 88, 80, 119, 36, 5, 0, 100, 1, 0, 0, 19, 0]
[filterData] åˆ†é¡žçµæžœï¼šðŸ’  ç¬¬äºŒçµ„ -> [255, 217, 127, 240, 127, 222, 127, 174, 139, 148, 127, 114, 191, 0, 0, 96, 0]

[filterData] åˆ†é¡žçµæžœï¼šâœ… ç¬¬ä¸€çµ„ -> [255, 80, 89, 165, 3, 88, 240, 124, 36, 5, 0, 100, 1, 0, 0, 94, 0]
[filterData] åˆ†é¡žçµæžœï¼šðŸ’  ç¬¬äºŒçµ„ -> [255, 216, 127, 240, 127, 219, 127, 134, 139, 138, 127, 126, 191, 0, 0, 138, 0]

[filterData] åˆ†é¡žçµæžœï¼šâœ… ç¬¬ä¸€çµ„ -> [255, 175, 8, 169, 3, 88, 64, 129, 36, 5, 0, 100, 1, 0, 0, 247, 0]
[filterData] åˆ†é¡žçµæžœï¼šðŸ’  ç¬¬äºŒçµ„ -> [255, 215, 127, 240, 127, 223, 127, 146, 139, 154, 127, 134, 191, 0, 0, 99, 0]

[filterData] åˆ†é¡žçµæžœï¼šâœ… ç¬¬ä¸€çµ„ -> [255, 164, 183, 172, 3, 88, 224, 125, 36, 5, 0, 100, 1, 0, 0, 180, 0]
[filterData] åˆ†é¡žçµæžœï¼šðŸ’  ç¬¬äºŒçµ„ -> [255, 215, 127, 239, 127, 219, 127, 166, 139, 110, 127, 120, 191, 0, 0, 142, 0]

[filterData] åˆ†é¡žçµæžœï¼šâœ… ç¬¬ä¸€çµ„ -> [255, 0, 103, 176, 3, 88, 240, 124, 36, 5, 0, 100, 1, 0, 0, 149, 0]
[filterData] åˆ†é¡žçµæžœï¼šðŸ’  ç¬¬äºŒçµ„ -> [255, 215, 127, 239, 127, 219, 127, 162, 139, 142, 127, 116, 191, 0, 0, 118, 0]

[filterData] åˆ†é¡žçµæžœï¼šâœ… ç¬¬ä¸€çµ„ -> [255, 92, 22, 180, 3, 88, 224, 130, 36, 5, 0, 100, 1, 0, 0, 144, 0]
[filterData] åˆ†é¡žçµæžœï¼šðŸ’  ç¬¬äºŒçµ„ -> [255, 217, 127, 236, 127, 223, 127, 140, 139, 132, 127, 118, 191, 0, 0, 145, 0]

[filterData] åˆ†é¡žçµæžœï¼šâœ… ç¬¬ä¸€çµ„ -> [255, 184, 197, 183, 3, 88, 64, 132, 36, 5, 0, 100, 1, 0, 0, 32, 0]

-----

[filterData] åˆ†é¡žçµæžœï¼šâœ… ç¬¬ä¸€çµ„ -> [255, 114, 5, 123, 27, 88, 32, 0, 5, 18, 0, 100, 2, 0, 0, 255, 0]
[filterData] åˆ†é¡žçµæžœï¼šðŸ’  ç¬¬äºŒçµ„ -> [255, 35, 126, 210, 65, 225, 202, 40, 247, 158, 230, 228, 84, 0, 0, 199, 0]

[filterData] åˆ†é¡žçµæžœï¼šâœ… ç¬¬ä¸€çµ„ -> [255, 212, 180, 126, 27, 88, 32, 0, 5, 18, 0, 100, 2, 0, 0, 235, 0]
[filterData] åˆ†é¡žçµæžœï¼šðŸ’  ç¬¬äºŒçµ„ -> [255, 246, 102, 174, 188, 2, 0, 255, 255, 6, 56, 194, 106, 0, 0, 209, 0]

[filterData] åˆ†é¡žçµæžœï¼šâœ… ç¬¬ä¸€çµ„ -> [255, 40, 100, 130, 27, 88, 32, 0, 5, 19, 0, 100, 0, 0, 0, 228, 0]
[filterData] åˆ†é¡žçµæžœï¼šðŸ’  ç¬¬äºŒçµ„ -> [255, 191, 39, 152, 223, 221, 73, 32, 29, 2, 0, 6, 55, 0, 0, 2, 0]

[filterData] åˆ†é¡žçµæžœï¼šâœ… ç¬¬ä¸€çµ„ -> [255, 132, 19, 134, 27, 88, 32, 0, 5, 19, 0, 100, 0, 0, 0, 213, 0]
[filterData] åˆ†é¡žçµæžœï¼šðŸ’  ç¬¬äºŒçµ„ -> [255, 216, 62, 169, 126, 255, 255, 56, 117, 98, 44, 126, 114, 0, 0, 155, 0]

[filterData] åˆ†é¡žçµæžœï¼šâœ… ç¬¬ä¸€çµ„ -> [255, 68, 195, 137, 27, 88, 16, 0, 5, 19, 0, 100, 0, 0, 0, 114, 0]
[filterData] åˆ†é¡žçµæžœï¼šðŸ’  ç¬¬äºŒçµ„ -> [255, 42, 118, 127, 102, 151, 112, 255, 255, 255, 255, 255, 255, 0, 0, 123, 0]

[filterData] åˆ†é¡žçµæžœï¼šâœ… ç¬¬ä¸€çµ„ -> [255, 160, 114, 141, 27, 88, 16, 0, 5, 19, 0, 100, 0, 0, 0, 99, 0]
[filterData] åˆ†é¡žçµæžœï¼šðŸ’  ç¬¬äºŒçµ„ -> [255, 111, 62, 63, 225, 5, 38, 172, 182, 114, 211, 134, 67, 0, 0, 153, 0]

[filterData] åˆ†é¡žçµæžœï¼šâœ… ç¬¬ä¸€çµ„ -> [255, 252, 33, 145, 27, 88, 16, 0, 5, 19, 0, 100, 0, 0, 0, 84, 0]
[filterData] åˆ†é¡žçµæžœï¼šðŸ’  ç¬¬äºŒçµ„ -> [255, 59, 106, 97, 161, 177, 151, 2, 0, 184, 20, 52, 46, 0, 0, 226, 0]

[filterData] åˆ†é¡žçµæžœï¼šâœ… ç¬¬ä¸€çµ„ -> [255, 88, 209, 148, 27, 88, 32, 0, 5, 19, 0, 100, 0, 0, 0, 53, 0]
[filterData] åˆ†é¡žçµæžœï¼šðŸ’  ç¬¬äºŒçµ„ -> [255, 120, 160, 75, 69, 255, 255, 4, 214, 96, 123, 166, 83, 0, 0, 173, 0]

[filterData] åˆ†é¡žçµæžœï¼šâœ… ç¬¬ä¸€çµ„ -> [255, 80, 128, 152, 27, 88, 16, 0, 5, 19, 0, 100, 0, 0, 0, 154, 0]
[filterData] åˆ†é¡žçµæžœï¼šðŸ’  ç¬¬äºŒçµ„ -> [255, 88, 118, 176, 10, 108, 130, 255, 255, 255, 255, 14, 137, 0, 0, 248, 0]

[filterData] åˆ†é¡žçµæžœï¼šâœ… ç¬¬ä¸€çµ„ -> [255, 175, 47, 156, 27, 88, 16, 0, 5, 19, 0, 100, 0, 0, 0, 136, 0]
[filterData] åˆ†é¡žçµæžœï¼šðŸ’  ç¬¬äºŒçµ„ -> [255, 17, 118, 69, 57, 2, 0, 255, 255, 160, 141, 238, 194, 0, 0, 31, 0]

[filterData] åˆ†é¡žçµæžœï¼šâœ… ç¬¬ä¸€çµ„ -> [255, 164, 8, 28, 27, 88, 16, 0, 5, 19, 0, 100, 0, 0, 0, 58, 0]
[filterData] åˆ†é¡žçµæžœï¼šðŸ’  ç¬¬äºŒçµ„ -> [255, 129, 76, 205, 183, 214, 27, 124, 147, 2, 140, 232, 107, 0, 0, 207, 0]

[filterData] åˆ†é¡žçµæžœï¼šâœ… ç¬¬ä¸€çµ„ -> [255, 0, 142, 163, 27, 88, 16, 0, 5, 19, 0, 100, 0, 0, 0, 209, 0]
[filterData] åˆ†é¡žçµæžœï¼šðŸ’  ç¬¬äºŒçµ„ -> [255, 47, 11, 7, 195, 169, 199, 40, 68, 120, 125, 250, 100, 0, 0, 206, 0]

[filterData] åˆ†é¡žçµæžœï¼šâœ… ç¬¬ä¸€çµ„ -> [255, 92, 61, 167, 27, 88, 16, 0, 5, 19, 0, 100, 0, 0, 0, 194, 0]
[filterData] åˆ†é¡žçµæžœï¼šðŸ’  ç¬¬äºŒçµ„ -> [255, 172, 115, 101, 95, 255, 255, 72, 182, 82, 83, 250, 84, 0, 0, 47, 0]

[filterData] åˆ†é¡žçµæžœï¼šâœ… ç¬¬ä¸€çµ„ -> [255, 184, 236, 170, 27, 88, 16, 0, 5, 19, 0, 100, 0, 0, 0, 180, 0]
[filterData] åˆ†é¡žçµæžœï¼šðŸ’  ç¬¬äºŒçµ„ -> [255, 169, 159, 179, 14, 95, 111, 214, 223, 255, 255, 86, 150, 0, 0, 139, 0]

[filterData] åˆ†é¡žçµæžœï¼šâœ… ç¬¬ä¸€çµ„ -> [255, 20, 156, 174, 27, 88, 112, 2, 5, 19, 0, 100, 0, 0, 0, 66, 0]
[filterData] åˆ†é¡žçµæžœï¼šðŸ’  ç¬¬äºŒçµ„ -> [255, 176, 146, 75, 44, 156, 35, 102, 205, 130, 210, 138, 164, 0, 0, 212, 0]

[filterData] åˆ†é¡žçµæžœï¼šâœ… ç¬¬ä¸€çµ„ -> [255, 112, 75, 178, 27, 88, 224, 18, 5, 20, 0, 100, 0, 0, 0, 178, 0]
[filterData] åˆ†é¡žçµæžœï¼šðŸ’  ç¬¬äºŒçµ„ -> [255, 77, 107, 191, 139, 85, 34, 14, 170, 34, 184, 34, 208, 0, 0, 4, 0]


[filterData] åˆ†é¡žçµæžœï¼šâœ… ç¬¬ä¸€çµ„ -> [255, 149, 10, 10, 193, 88, 0, 123, 83, 3, 0, 100, 1, 0, 0, 9, 0]
[filterData] åˆ†é¡žçµæžœï¼šâœ… ç¬¬ä¸€çµ„ -> [255, 236, 185, 13, 193, 88, 144, 119, 83, 3, 0, 100, 1, 0, 0, 116, 0]
[filterData] åˆ†é¡žçµæžœï¼šâœ… ç¬¬ä¸€çµ„ -> [255, 72, 105, 17, 193, 88, 224, 121, 83, 3, 0, 100, 1, 0, 0, 18, 0]
[filterData] åˆ†é¡žçµæžœï¼šâœ… ç¬¬ä¸€çµ„ -> [255, 64, 24, 21, 193, 88, 48, 123, 83, 3, 0, 100, 1, 0, 0, 21, 0]
[filterData] åˆ†é¡žçµæžœï¼šâœ… ç¬¬ä¸€çµ„ -> [255, 56, 199, 24, 193, 88, 64, 115, 83, 3, 0, 100, 1, 0, 0, 99, 0]
[filterData] åˆ†é¡žçµæžœï¼šâœ… ç¬¬ä¸€çµ„ -> [255, 48, 118, 28, 193, 88, 240, 116, 83, 3, 0, 100, 1, 0, 0, 7, 0]
[filterData] åˆ†é¡žçµæžœï¼šâœ… ç¬¬ä¸€çµ„ -> [255, 40, 37, 32, 193, 88, 64, 120, 83, 3, 0, 100, 1, 0, 0, 8, 0]
[filterData] åˆ†é¡žçµæžœï¼šâœ… ç¬¬ä¸€çµ„ -> [255, 32, 212, 35, 193, 88, 240, 120, 83, 3, 0, 100, 1, 0, 0, 174, 0]
[filterData] åˆ†é¡žçµæžœï¼šâœ… ç¬¬ä¸€çµ„ -> [255, 27, 131, 39, 193, 88, 240, 119, 83, 3, 0, 100, 1, 0, 0, 1, 0]
[filterData] åˆ†é¡žçµæžœï¼šâœ… ç¬¬ä¸€çµ„ -> [255, 16, 50, 43, 193, 88, 32, 120, 83, 3, 0, 100, 1, 0, 0, 40, 0]
[filterData] åˆ†é¡žçµæžœï¼šâœ… ç¬¬ä¸€çµ„ -> [255, 108, 225, 46, 193, 88, 64, 128, 83, 3, 0, 100, 1, 0, 0, 242, 0]
[filterData] åˆ†é¡žçµæžœï¼šâœ… ç¬¬ä¸€çµ„ -> [255, 200, 144, 50, 193, 88, 16, 129, 83, 3, 0, 100, 1, 0, 0, 18, 0]
[filterData] åˆ†é¡žçµæžœï¼šâœ… ç¬¬ä¸€çµ„ -> [255, 192, 63, 54, 193, 88, 192, 128, 83, 3, 0, 100, 1, 0, 0, 184, 0]
[filterData] åˆ†é¡žçµæžœï¼šâœ… ç¬¬ä¸€çµ„ -> [255, 28, 239, 57, 193, 88, 64, 126, 83, 3, 0, 100, 1, 0, 0, 43, 0]
[filterData] åˆ†é¡žçµæžœï¼šâœ… ç¬¬ä¸€çµ„ -> [255, 20, 158, 61, 193, 88, 48, 126, 83, 3, 0, 100, 1, 0, 0, 144, 0]
[filterData] åˆ†é¡žçµæžœï¼šâœ… ç¬¬ä¸€çµ„ -> [255, 12, 77, 65, 193, 88, 0, 124, 83, 3, 0, 100, 1, 0, 0, 23, 0]
[filterData] åˆ†é¡žçµæžœï¼šâœ… ç¬¬ä¸€çµ„ -> [255, 104, 252, 68, 193, 88, 208, 127, 83, 3, 0, 100, 1, 0, 0, 54, 0]
[filterData] åˆ†é¡žçµæžœï¼šâœ… ç¬¬ä¸€çµ„ -> [255, 198, 171, 72, 193, 88, 0, 129, 83, 3, 0, 100, 1, 0, 0, 243, 0]
[filterData] åˆ†é¡žçµæžœï¼šâœ… ç¬¬ä¸€çµ„ -> [255, 132, 91, 76, 193, 88, 80, 131, 83, 3, 0, 100, 1, 0, 0, 47, 0]
[filterData] åˆ†é¡žçµæžœï¼šâœ… ç¬¬ä¸€çµ„ -> [255, 124, 10, 80, 193, 88, 208, 130, 83, 3, 0, 100, 1, 0, 0, 5, 0]
[filterData] åˆ†é¡žçµæžœï¼šâœ… ç¬¬ä¸€çµ„ -> [255, 216, 185, 83, 193, 88, 128, 128, 83, 3, 0, 100, 1, 0, 0, 73, 0]
[filterData] åˆ†é¡žçµæžœï¼šâœ… ç¬¬ä¸€çµ„ -> [255, 152, 105, 87, 193, 88, 144, 133, 83, 3, 0, 100, 1, 0, 0, 192, 0]
[filterData] åˆ†é¡žçµæžœï¼šâœ… ç¬¬ä¸€çµ„ -> [255, 244, 24, 91, 193, 88, 240, 130, 83, 3, 0, 100, 1, 0, 0, 84, 0]
[filterData] åˆ†é¡žçµæžœï¼šâœ… ç¬¬ä¸€çµ„ -> [255, 80, 200, 94, 193, 88, 64, 126, 83, 3, 0, 100, 1, 0, 0, 249, 0]
[filterData] åˆ†é¡žçµæžœï¼šâœ… ç¬¬ä¸€çµ„ -> [255, 175, 119, 98, 193, 88, 160, 129, 83, 3, 0, 100, 1, 0, 0, 132, 0]
[filterData] åˆ†é¡žçµæžœï¼šâœ… ç¬¬ä¸€çµ„ -> [255, 108, 39, 102, 193, 88, 32, 133, 83, 3, 0, 100, 1, 0, 0, 143, 0]
[filterData] åˆ†é¡žçµæžœï¼šâœ… ç¬¬ä¸€çµ„ -> [255, 44, 215, 105, 193, 88, 32, 133, 83, 3, 0, 100, 1, 0, 0, 28, 0]
[filterData] åˆ†é¡žçµæžœï¼šâœ… ç¬¬ä¸€çµ„ -> [255, 136, 134, 109, 193, 88, 80, 134, 83, 3, 0, 100, 1, 0, 0, 220, 0]
[filterData] åˆ†é¡žçµæžœï¼šâœ… ç¬¬ä¸€çµ„ -> [255, 72, 54, 113, 193, 88, 144, 129, 83, 3, 0, 100, 1, 0, 0, 45, 0]
[filterData] åˆ†é¡žçµæžœï¼šâœ… ç¬¬ä¸€çµ„ -> [255, 164, 229, 116, 193, 88, 240, 130, 83, 3, 0, 100, 1, 0, 0, 190, 0]
[filterData] åˆ†é¡žçµæžœï¼šâœ… ç¬¬ä¸€çµ„ -> [255, 100, 149, 120, 193, 88, 64, 131, 83, 3, 0, 100, 1, 0, 0, 249, 0]
[filterData] åˆ†é¡žçµæžœï¼šâœ… ç¬¬ä¸€çµ„ -> [255, 36, 69, 124, 193, 88, 0, 132, 83, 3, 0, 100, 1, 0, 0, 196, 0]
[filterData] åˆ†é¡žçµæžœï¼šâœ… ç¬¬ä¸€çµ„ -> [255, 128, 244, 127, 193, 88, 112, 128, 83, 3, 0, 100, 1, 0, 0, 74, 0]
[filterData] åˆ†é¡žçµæžœï¼šâœ… ç¬¬ä¸€çµ„ -> [255, 64, 164, 131, 193, 88, 0, 127, 83, 3, 0, 100, 1, 0, 0, 71, 0]
[filterData] åˆ†é¡žçµæžœï¼šâœ… ç¬¬ä¸€çµ„ -> [255, 156, 83, 135, 193, 88, 144, 129, 83, 3, 0, 100, 1, 0, 0, 166, 0]
[filterData] åˆ†é¡žçµæžœï¼šâœ… ç¬¬ä¸€çµ„ -> [255, 97, 3, 139, 193, 88, 240, 123, 83, 3, 0, 100, 1, 0, 0, 211, 0]
[filterData] åˆ†é¡žçµæžœï¼šâœ… ç¬¬ä¸€çµ„ -> [255, 184, 178, 142, 193, 88, 96, 128, 83, 3, 0, 100, 1, 0, 0, 85, 0]
[filterData] åˆ†é¡žçµæžœï¼šâœ… ç¬¬ä¸€çµ„ -> [255, 120, 98, 146, 193, 88, 176, 131, 83, 3, 0, 100, 1, 0, 0, 142, 0]
[filterData] åˆ†é¡žçµæžœï¼šâœ… ç¬¬ä¸€çµ„ -> [255, 56, 18, 150, 193, 88, 0, 129, 83, 3, 0, 100, 1, 0, 0, 204, 0]
[filterData] åˆ†é¡žçµæžœï¼šâœ… ç¬¬ä¸€çµ„ -> [255, 248, 193, 153, 193, 88, 144, 130, 83, 3, 0, 100, 1, 0, 0, 201, 0]
[filterData] åˆ†é¡žçµæžœï¼šâœ… ç¬¬ä¸€çµ„ -> [255, 87, 113, 157, 193, 88, 176, 126, 83, 3, 0, 100, 1, 0, 0, 154, 0]
[filterData] åˆ†é¡žçµæžœï¼šâœ… ç¬¬ä¸€çµ„ -> [255, 20, 33, 161, 193, 88, 176, 124, 83, 3, 0, 100, 1, 0, 0, 43, 0]
[filterData] åˆ†é¡žçµæžœï¼šâœ… ç¬¬ä¸€çµ„ -> [255, 212, 208, 164, 193, 88, 16, 127, 83, 3, 0, 100, 1, 0, 0, 86, 0]
[filterData] åˆ†é¡žçµæžœï¼šâœ… ç¬¬ä¸€çµ„ -> [255, 148, 128, 168, 193, 88, 16, 130, 83, 3, 0, 100, 1, 0, 0, 223, 0]
[filterData] åˆ†é¡žçµæžœï¼šâœ… ç¬¬ä¸€çµ„ -> [255, 84, 48, 172, 193, 88, 144, 131, 83, 3, 0, 100, 1, 0, 0, 234, 0]
[filterData] åˆ†é¡žçµæžœï¼šâœ… ç¬¬ä¸€çµ„ -> [255, 20, 224, 175, 193, 88, 176, 131, 83, 3, 0, 100, 1, 0, 0, 87, 0]
[filterData] åˆ†é¡žçµæžœï¼šâœ… ç¬¬ä¸€çµ„ -> [255, 212, 143, 179, 193, 88, 144, 124, 83, 3, 0, 100, 1, 0, 0, 11, 0]
[filterData] åˆ†é¡žçµæžœï¼šâœ… ç¬¬ä¸€çµ„ -> [255, 248, 63, 183, 193, 88, 176, 128, 83, 3, 0, 100, 1, 0, 0, 15, 0]
[filterData] åˆ†é¡žçµæžœï¼šâœ… ç¬¬ä¸€çµ„ -> [255, 28, 240, 186, 193, 88, 80, 137, 83, 3, 0, 100, 1, 0, 0, 142, 0]
[filterData] åˆ†é¡žçµæžœï¼šâœ… ç¬¬ä¸€çµ„ -> [255, 64, 160, 190, 193, 88, 208, 137, 83, 3, 0, 100, 1, 0, 0, 54, 0]
[filterData] åˆ†é¡žçµæžœï¼šâœ… ç¬¬ä¸€çµ„ -> [255, 0, 80, 194, 193, 88, 144, 124, 83, 3, 0, 100, 1, 0, 0, 15, 0]
[filterData] åˆ†é¡žçµæžœï¼šâœ… ç¬¬ä¸€çµ„ -> [255, 192, 255, 197, 193, 88, 208, 127, 83, 3, 0, 100, 1, 0, 0, 90, 0]
[filterData] åˆ†é¡žçµæžœï¼šâœ… ç¬¬ä¸€çµ„ -> [255, 130, 175, 201, 193, 88, 96, 123, 83, 3, 0, 100, 1, 0, 0, 88, 0]
[filterData] åˆ†é¡žçµæžœï¼šâœ… ç¬¬ä¸€çµ„ -> [255, 64, 95, 205, 193, 88, 0, 123, 83, 3, 0, 100, 1, 0, 0, 70, 0]
[filterData] åˆ†é¡žçµæžœï¼šâœ… ç¬¬ä¸€çµ„ -> [255, 156, 14, 209, 193, 88, 112, 122, 83, 3, 0, 100, 1, 0, 0, 200, 0]
[filterData] åˆ†é¡žçµæžœï¼šâœ… ç¬¬ä¸€çµ„ -> [255, 92, 190, 212, 193, 88, 144, 119, 83, 3, 0, 100, 1, 0, 0, 56, 0]
[filterData] åˆ†é¡žçµæžœï¼šâœ… ç¬¬ä¸€çµ„ -> [255, 187, 109, 216, 193, 88, 144, 118, 83, 3, 0, 100, 1, 0, 0, 39, 0]
[filterData] åˆ†é¡žçµæžœï¼šâœ… ç¬¬ä¸€çµ„ -> [255, 120, 29, 220, 193, 88, 80, 119, 83, 3, 0, 100, 1, 0, 0, 245, 0]
[filterData] åˆ†é¡žçµæžœï¼šâœ… ç¬¬ä¸€çµ„ -> [255, 56, 205, 223, 193, 88, 0, 128, 83, 3, 0, 100, 1, 0, 0, 201, 0]
[filterData] åˆ†é¡žçµæžœï¼šâœ… ç¬¬ä¸€çµ„ -> [255, 248, 124, 227, 193, 88, 112, 124, 83, 3, 0, 100, 1, 0, 0, 234, 0]
[filterData] åˆ†é¡žçµæžœï¼šâœ… ç¬¬ä¸€çµ„ -> [255, 184, 44, 231, 193, 88, 144, 127, 83, 3, 0, 100, 1, 0, 0, 83, 0]
[filterData] åˆ†é¡žçµæžœï¼šâœ… ç¬¬ä¸€çµ„ -> [255, 120, 220, 234, 193, 88, 112, 128, 83, 3, 0, 100, 1, 0, 0, 255, 0]
[filterData] åˆ†é¡žçµæžœï¼šâœ… ç¬¬ä¸€çµ„ -> [255, 56, 140, 238, 193, 88, 208, 125, 83, 3, 0, 100, 1, 0, 0, 46, 0]
[filterData] åˆ†é¡žçµæžœï¼šâœ… ç¬¬ä¸€çµ„ -> [255, 92, 60, 242, 193, 88, 96, 130, 83, 3, 0, 100, 1, 0, 0, 193, 0]
[filterData] åˆ†é¡žçµæžœï¼šâœ… ç¬¬ä¸€çµ„ -> [255, 28, 22, 114, 193, 88, 160, 128, 83, 3, 0, 100, 1, 0, 0, 105, 0]
[filterData] åˆ†é¡žçµæžœï¼šâœ… ç¬¬ä¸€çµ„ -> [255, 220, 197, 117, 193, 88, 240, 122, 83, 3, 0, 100, 1, 0, 0, 173, 0]
[filterData] åˆ†é¡žçµæžœï¼šâœ… ç¬¬ä¸€çµ„ -> [255, 0, 76, 253, 193, 88, 16, 126, 83, 3, 0, 100, 1, 0, 0, 86, 0]
[filterData] åˆ†é¡žçµæžœï¼šâœ… ç¬¬ä¸€çµ„ -> [255, 192, 251, 0, 194, 88, 176, 128, 83, 3, 0, 100, 1, 0, 0, 65, 0]












[filterData] åˆ†é¡žçµæžœï¼šâœ… ç¬¬ä¸€çµ„ -> [255, 204, 13, 57, 113, 48, 224, 120, 15, 21, 0, 70, 1, 0, 0, 139, 0]
[filterData] åˆ†é¡žçµæžœï¼šðŸ’  ç¬¬äºŒçµ„ -> [255, 244, 127, 251, 127, 249, 127, 153, 127, 236, 127, 18, 136, 0, 0, 127, 0]
[filterData] åˆ†é¡žçµæžœï¼šâœ… ç¬¬ä¸€çµ„ -> [255, 128, 191, 60, 113, 48, 128, 132, 15, 21, 0, 70, 1, 0, 0, 118, 0]
[filterData] åˆ†é¡žçµæžœï¼šðŸ’  ç¬¬äºŒçµ„ -> [255, 244, 127, 251, 127, 248, 127, 146, 127, 239, 127, 15, 136, 0, 0, 135, 0]
[filterData] åˆ†é¡žçµæžœï¼šâœ… ç¬¬ä¸€çµ„ -> [255, 108, 112, 64, 113, 48, 224, 139, 15, 21, 0, 70, 1, 0, 0, 110, 0]
[filterData] åˆ†é¡žçµæžœï¼šðŸ’  ç¬¬äºŒçµ„ -> [255, 247, 127, 251, 127, 248, 127, 147, 127, 237, 127, 18, 136, 0, 0, 130, 0]
[filterData] åˆ†é¡žçµæžœï¼šâœ… ç¬¬ä¸€çµ„ -> [255, 32, 34, 68, 113, 48, 16, 143, 15, 21, 0, 70, 1, 0, 0, 208, 0]
[filterData] åˆ†é¡žçµæžœï¼šðŸ’  ç¬¬äºŒçµ„ -> [255, 247, 127, 251, 127, 248, 127, 148, 127, 234, 127, 21, 136, 0, 0, 129, 0]
[filterData] åˆ†é¡žçµæžœï¼šâœ… ç¬¬ä¸€çµ„ -> [255, 112, 169, 203, 113, 48, 32, 138, 15, 21, 0, 70, 1, 0, 0, 103, 0]
[filterData] åˆ†é¡žçµæžœï¼šðŸ’  ç¬¬äºŒçµ„ -> [255, 246, 127, 252, 127, 247, 127, 147, 127, 235, 127, 19, 136, 0, 0, 132, 0]
[filterData] åˆ†é¡žçµæžœï¼šâœ… ç¬¬ä¸€çµ„ -> [255, 36, 91, 207, 113, 48, 144, 129, 15, 21, 0, 70, 1, 0, 0, 150, 0]
[filterData] åˆ†é¡žçµæžœï¼šðŸ’  ç¬¬äºŒçµ„ -> [255, 247, 127, 251, 127, 248, 127, 142, 127, 241, 127, 15, 136, 0, 0, 134, 0]
[filterData] åˆ†é¡žçµæžœï¼šâœ… ç¬¬ä¸€çµ„ -> [255, 116, 12, 211, 113, 48, 48, 124, 15, 21, 0, 70, 1, 0, 0, 246, 0]
[filterData] åˆ†é¡žçµæžœï¼šðŸ’  ç¬¬äºŒçµ„ -> [255, 246, 127, 251, 127, 248, 127, 149, 127, 235, 127, 20, 136, 0, 0, 129, 0]
[filterData] åˆ†é¡žçµæžœï¼šâœ… ç¬¬ä¸€çµ„ -> [255, 40, 190, 214, 113, 48, 128, 119, 15, 21, 0, 70, 1, 0, 0, 66, 0]
[filterData] åˆ†é¡žçµæžœï¼šðŸ’  ç¬¬äºŒçµ„ -> [255, 244, 127, 250, 127, 248, 127, 154, 127, 235, 127, 17, 136, 0, 0, 130, 0]
[filterData] åˆ†é¡žçµæžœï¼šâœ… ç¬¬ä¸€çµ„ -> [255, 220, 111, 218, 113, 48, 64, 121, 15, 21, 0, 70, 1, 0, 0, 23, 0]
[filterData] åˆ†é¡žçµæžœï¼šðŸ’  ç¬¬äºŒçµ„ -> [255, 247, 127, 251, 127, 248, 127, 147, 127, 236, 127, 18, 136, 0, 0, 131, 0]
[filterData] åˆ†é¡žçµæžœï¼šâœ… ç¬¬ä¸€çµ„ -> [255, 144, 33, 222, 113, 48, 96, 125, 15, 21, 0, 70, 1, 0, 0, 137, 0]
[filterData] åˆ†é¡žçµæžœï¼šðŸ’  ç¬¬äºŒçµ„ -> [255, 247, 127, 251, 127, 249, 127, 147, 127, 236, 127, 17, 136, 0, 0, 131, 0]
[filterData] åˆ†é¡žçµæžœï¼šâœ… ç¬¬ä¸€çµ„ -> [255, 224, 210, 225, 113, 48, 48, 132, 15, 21, 0, 70, 1, 0, 0, 174, 0]
[filterData] åˆ†é¡žçµæžœï¼šðŸ’  ç¬¬äºŒçµ„ -> [255, 245, 127, 252, 127, 248, 127, 145, 127, 235, 127, 15, 136, 0, 0, 138, 0]
[filterData] åˆ†é¡žçµæžœï¼šâœ… ç¬¬ä¸€çµ„ -> [255, 204, 131, 229, 113, 48, 48, 141, 15, 21, 0, 70, 1, 0, 0, 4, 0]
[filterData] åˆ†é¡žçµæžœï¼šðŸ’  ç¬¬äºŒçµ„ -> [255, 246, 127, 250, 127, 247, 127, 149, 127, 234, 127, 17, 136, 0, 0, 135, 0]
[filterData] åˆ†é¡žçµæžœï¼šâœ… ç¬¬ä¸€çµ„ -> [255, 128, 53, 233, 113, 48, 224, 141, 15, 21, 0, 70, 1, 0, 0, 234, 0]
[filterData] åˆ†é¡žçµæžœï¼šðŸ’  ç¬¬äºŒçµ„ -> [255, 245, 127, 251, 127, 248, 127, 148, 127, 237, 127, 22, 136, 0, 0, 127, 0]
[filterData] åˆ†é¡žçµæžœï¼šâœ… ç¬¬ä¸€çµ„ -> [255, 208, 230, 236, 113, 48, 128, 139, 15, 21, 0, 70, 1, 0, 0, 72, 0]
[filterData] åˆ†é¡žçµæžœï¼šðŸ’  ç¬¬äºŒçµ„ -> [255, 246, 127, 252, 127, 248, 127, 149, 127, 237, 127, 20, 136, 0, 0, 126, 0]
[filterData] åˆ†é¡žçµæžœï¼šâœ… ç¬¬ä¸€çµ„ -> [255, 35, 152, 240, 113, 48, 192, 130, 15, 21, 0, 70, 1, 0, 0, 8, 0]
[filterData] åˆ†é¡žçµæžœï¼šðŸ’  ç¬¬äºŒçµ„ -> [255, 245, 127, 251, 127, 247, 127, 141, 127, 238, 127, 19, 136, 0, 0, 137, 0]
[filterData] åˆ†é¡žçµæžœï¼šâœ… ç¬¬ä¸€çµ„ -> [255, 116, 73, 244, 113, 48, 96, 124, 15, 21, 0, 70, 1, 0, 0, 104, 0]
[filterData] åˆ†é¡žçµæžœï¼šðŸ’  ç¬¬äºŒçµ„ -> [255, 243, 127, 251, 127, 249, 127, 148, 127, 238, 127, 22, 136, 0, 0, 127, 0]
[filterData] åˆ†é¡žçµæžœï¼šâœ… ç¬¬ä¸€çµ„ -> [255, 36, 251, 247, 113, 48, 64, 121, 15, 21, 0, 70, 1, 0, 0, 38, 0]
[filterData] åˆ†é¡žçµæžœï¼šðŸ’  ç¬¬äºŒçµ„ -> [255, 246, 127, 250, 127, 248, 127, 147, 127, 238, 127, 21, 136, 0, 0, 128, 0]
[filterData] åˆ†é¡žçµæžœï¼šâœ… ç¬¬ä¸€çµ„ -> [255, 116, 172, 251, 113, 48, 32, 119, 15, 21, 0, 70, 1, 0, 0, 67, 0]
[filterData] åˆ†é¡žçµæžœï¼šðŸ’  ç¬¬äºŒçµ„ -> [255, 243, 127, 250, 127, 248, 127, 150, 127, 240, 127, 19, 136, 0, 0, 128, 0]
[filterData] åˆ†é¡žçµæžœï¼šâœ… ç¬¬ä¸€çµ„ -> [255, 40, 94, 255, 113, 48, 208, 124, 15, 21, 0, 70, 1, 0, 0, 36, 0]
[filterData] åˆ†é¡žçµæžœï¼šðŸ’  ç¬¬äºŒçµ„ -> [255, 244, 127, 251, 127, 248, 127, 146, 127, 240, 127, 14, 136, 0, 0, 135, 0]
[filterData] åˆ†é¡žçµæžœï¼šâœ… ç¬¬ä¸€çµ„ -> [255, 120, 15, 3, 114, 48, 176, 131, 15, 21, 0, 70, 1, 0, 0, 55, 0]
[filterData] åˆ†é¡žçµæžœï¼šðŸ’  ç¬¬äºŒçµ„ -> [255, 246, 127, 252, 127, 248, 127, 152, 127, 238, 127, 17, 136, 0, 0, 125, 0]
[filterData] åˆ†é¡žçµæžœï¼šâœ… ç¬¬ä¸€çµ„ -> [255, 200, 192, 6, 114, 48, 48, 137, 15, 21, 0, 70, 1, 0, 0, 173, 0]
[filterData] åˆ†é¡žçµæžœï¼šðŸ’  ç¬¬äºŒçµ„ -> [255, 246, 127, 251, 127, 248, 127, 148, 127, 238, 127, 16, 136, 0, 0, 131, 0]
[filterData] åˆ†é¡žçµæžœï¼šâœ… ç¬¬ä¸€çµ„ -> [255, 24, 114, 10, 114, 48, 64, 140, 15, 21, 0, 70, 1, 0, 0, 148, 0]
[filterData] åˆ†é¡žçµæžœï¼šðŸ’  ç¬¬äºŒçµ„ -> [255, 247, 127, 252, 127, 248, 127, 150, 127, 238, 127, 22, 136, 0, 0, 121, 0]
[filterData] åˆ†é¡žçµæžœï¼šâœ… ç¬¬ä¸€çµ„ -> [255, 204, 35, 14, 114, 48, 0, 137, 15, 21, 0, 70, 1, 0, 0, 110, 0]
[filterData] åˆ†é¡žçµæžœï¼šðŸ’  ç¬¬äºŒçµ„ -> [255, 249, 127, 251, 127, 248, 127, 148, 127, 237, 127, 25, 136, 0, 0, 120, 0]
[filterData] åˆ†é¡žçµæžœï¼šâœ… ç¬¬ä¸€çµ„ -> [255, 28, 213, 17, 114, 48, 208, 128, 15, 21, 0, 70, 1, 0, 0, 162, 0]
[filterData] åˆ†é¡žçµæžœï¼šðŸ’  ç¬¬äºŒçµ„ -> [255, 244, 127, 251, 127, 248, 127, 145, 127, 234, 127, 20, 136, 0, 0, 136, 0]
[filterData] åˆ†é¡žçµæžœï¼šâœ… ç¬¬ä¸€çµ„ -> [255, 108, 134, 21, 114, 48, 224, 123, 15, 21, 0, 70, 1, 0, 0, 146, 0]
[filterData] åˆ†é¡žçµæžœï¼šðŸ’  ç¬¬äºŒçµ„ -> [255, 242, 127, 251, 127, 247, 127, 145, 127, 237, 127, 18, 136, 0, 0, 138, 0]
[filterData] åˆ†é¡žçµæžœï¼šâœ… ç¬¬ä¸€çµ„ -> [255, 32, 56, 25, 114, 48, 48, 117, 15, 21, 0, 70, 1, 0, 0, 222, 0]
[filterData] åˆ†é¡žçµæžœï¼šðŸ’  ç¬¬äºŒçµ„ -> [255, 244, 127, 251, 127, 248, 127, 149, 127, 233, 127, 25, 136, 0, 0, 128, 0]
[filterData] åˆ†é¡žçµæžœï¼šâœ… ç¬¬ä¸€çµ„ -> [255, 112, 233, 28, 114, 48, 144, 119, 15, 21, 0, 70, 1, 0, 0, 120, 0]
[filterData] åˆ†é¡žçµæžœï¼šðŸ’  ç¬¬äºŒçµ„ -> [255, 240, 127, 251, 127, 249, 127, 146, 127, 229, 127, 20, 136, 0, 0, 143, 0]
[filterData] åˆ†é¡žçµæžœï¼šâœ… ç¬¬ä¸€çµ„ -> [255, 36, 155, 32, 114, 48, 80, 122, 15, 21, 0, 70, 1, 0, 0, 75, 0]
[filterData] åˆ†é¡žçµæžœï¼šðŸ’  ç¬¬äºŒçµ„ -> [255, 239, 127, 251, 127, 249, 127, 145, 127, 239, 127, 16, 136, 0, 0, 139, 0]
[filterData] åˆ†é¡žçµæžœï¼šâœ… ç¬¬ä¸€çµ„ -> [255, 216, 76, 36, 114, 48, 176, 127, 15, 21, 0, 70, 1, 0, 0, 125, 0]
[filterData] åˆ†é¡žçµæžœï¼šðŸ’  ç¬¬äºŒçµ„ -> [255, 247, 127, 251, 127, 248, 127, 153, 127, 243, 127, 16, 136, 0, 0, 120, 0]
[filterData] åˆ†é¡žçµæžœï¼šâœ… ç¬¬ä¸€çµ„ -> [255, 240, 254, 39, 114, 48, 96, 132, 15, 21, 0, 70, 1, 0, 0, 251, 0]
[filterData] åˆ†é¡žçµæžœï¼šðŸ’  ç¬¬äºŒçµ„ -> [255, 245, 127, 250, 127, 248, 127, 147, 127, 239, 127, 19, 136, 0, 0, 130, 0]
[filterData] åˆ†é¡žçµæžœï¼šâœ… ç¬¬ä¸€çµ„ -> [255, 167, 176, 43, 114, 48, 96, 137, 15, 21, 0, 70, 1, 0, 0, 137, 0]
[filterData] åˆ†é¡žçµæžœï¼šðŸ’  ç¬¬äºŒçµ„ -> [255, 243, 127, 251, 127, 247, 127, 146, 127, 244, 127, 19, 136, 0, 0, 128, 0]
[filterData] åˆ†é¡žçµæžœï¼šâœ… ç¬¬ä¸€çµ„ -> [255, 188, 98, 47, 114, 48, 128, 136, 15, 21, 0, 70, 1, 0, 0, 159, 0]
[filterData] åˆ†é¡žçµæžœï¼šðŸ’  ç¬¬äºŒçµ„ -> [255, 247, 127, 251, 127, 248, 127, 148, 127, 238, 127, 23, 136, 0, 0, 123, 0]
[filterData] åˆ†é¡žçµæžœï¼šâœ… ç¬¬ä¸€çµ„ -> [255, 14, 62, 175, 113, 48, 144, 128, 15, 21, 0, 70, 1, 0, 0, 234, 0]
[filterData] åˆ†é¡žçµæžœï¼šðŸ’  ç¬¬äºŒçµ„ -> [255, 245, 127, 251, 127, 249, 127, 147, 127, 243, 127, 16, 136, 0, 0, 127, 0]
[filterData] åˆ†é¡žçµæžœï¼šâœ… ç¬¬ä¸€çµ„ -> [255, 192, 239, 178, 113, 48, 48, 121, 15, 21, 0, 70, 1, 0, 0, 235, 0]
[filterData] åˆ†é¡žçµæžœï¼šðŸ’  ç¬¬äºŒçµ„ -> [255, 245, 127, 250, 127, 249, 127, 146, 127, 241, 127, 16, 136, 0, 0, 131, 0]
[filterData] åˆ†é¡žçµæžœï¼šâœ… ç¬¬ä¸€çµ„ -> [255, 216, 161, 182, 113, 48, 128, 118, 15, 21, 0, 70, 1, 0, 0, 208, 0]
[filterData] åˆ†é¡žçµæžœï¼šðŸ’  ç¬¬äºŒçµ„ -> [255, 249, 127, 249, 127, 249, 127, 150, 127, 240, 127, 23, 136, 0, 0, 118, 0]
[filterData] åˆ†é¡žçµæžœï¼šâœ… ç¬¬ä¸€çµ„ -> [255, 140, 41, 62, 114, 48, 208, 117, 15, 21, 0, 70, 1, 0, 0, 188, 0]
[filterData] åˆ†é¡žçµæžœï¼šðŸ’  ç¬¬äºŒçµ„ -> [255, 244, 127, 250, 127, 248, 127, 151, 127, 236, 127, 21, 136, 0, 0, 128, 0]
[filterData] åˆ†é¡žçµæžœï¼šâœ… ç¬¬ä¸€çµ„ -> [255, 220, 218, 65, 114, 48, 80, 121, 15, 21, 0, 70, 1, 0, 0, 52, 0]
[filterData] åˆ†é¡žçµæžœï¼šðŸ’  ç¬¬äºŒçµ„ -> [255, 246, 127, 251, 127, 248, 127, 145, 127, 236, 127, 20, 136, 0, 0, 132, 0]
[filterData] åˆ†é¡žçµæžœï¼šâœ… ç¬¬ä¸€çµ„ -> [255, 144, 140, 69, 114, 48, 80, 130, 15, 21, 0, 70, 1, 0, 0, 193, 0]
[filterData] åˆ†é¡žçµæžœï¼šðŸ’  ç¬¬äºŒçµ„ -> [255, 246, 127, 252, 127, 249, 127, 151, 127, 238, 127, 20, 136, 0, 0, 122, 0]
[filterData] åˆ†é¡žçµæžœï¼šâœ… ç¬¬ä¸€çµ„ -> [255, 68, 62, 73, 114, 48, 80, 134, 15, 21, 0, 70, 1, 0, 0, 83, 0]
[filterData] åˆ†é¡žçµæžœï¼šðŸ’  ç¬¬äºŒçµ„ -> [255, 242, 127, 252, 127, 248, 127, 146, 127, 233, 127, 21, 136, 0, 0, 136, 0]
[filterData] åˆ†é¡žçµæžœï¼šâœ… ç¬¬ä¸€çµ„ -> [255, 248, 239, 76, 114, 48, 176, 139, 15, 21, 0, 70, 1, 0, 0, 134, 0]
[filterData] åˆ†é¡žçµæžœï¼šðŸ’  ç¬¬äºŒçµ„ -> [255, 244, 127, 250, 127, 247, 127, 151, 127, 234, 127, 24, 136, 0, 0, 128, 0]
[filterData] åˆ†é¡žçµæžœï¼šâœ… ç¬¬ä¸€çµ„ -> [255, 172, 161, 80, 114, 48, 224, 137, 15, 21, 0, 70, 1, 0, 0, 238, 0]
[filterData] åˆ†é¡žçµæžœï¼šðŸ’  ç¬¬äºŒçµ„ -> [255, 241, 127, 251, 127, 247, 127, 142, 127, 229, 127, 23, 136, 0, 0, 145, 0]
[filterData] åˆ†é¡žçµæžœï¼šâœ… ç¬¬ä¸€çµ„ -> [255, 96, 83, 84, 114, 48, 160, 129, 15, 21, 0, 70, 1, 0, 0, 204, 0]
[filterData] åˆ†é¡žçµæžœï¼šðŸ’  ç¬¬äºŒçµ„ -> [255, 240, 127, 251, 127, 248, 127, 150, 127, 240, 127, 16, 136, 0, 0, 133, 0]
[filterData] åˆ†é¡žçµæžœï¼šâœ… ç¬¬ä¸€çµ„ -> [255, 120, 5, 88, 114, 48, 208, 120, 15, 21, 0, 70, 1, 0, 0, 215, 0]
[filterData] åˆ†é¡žçµæžœï¼šðŸ’  ç¬¬äºŒçµ„ -> [255, 242, 127, 250, 127, 248, 127, 124, 127, 236, 127, 14, 136, 0, 0, 164, 0]
[filterData] åˆ†é¡žçµæžœï¼šâœ… ç¬¬ä¸€çµ„ -> [255, 44, 183, 91, 114, 48, 80, 117, 15, 21, 0, 70, 1, 0, 0, 241, 0]
[filterData] åˆ†é¡žçµæžœï¼šðŸ’  ç¬¬äºŒçµ„ -> [255, 245, 127, 252, 127, 247, 127, 164, 127, 241, 127, 23, 136, 0, 0, 106, 0]
[filterData] åˆ†é¡žçµæžœï¼šâœ… ç¬¬ä¸€çµ„ -> [255, 224, 104, 95, 114, 48, 112, 116, 15, 21, 0, 70, 1, 0, 0, 105, 0]
[filterData] åˆ†é¡žçµæžœï¼šðŸ’  ç¬¬äºŒçµ„ -> [255, 242, 127, 0, 127, 248, 127, 99, 127, 241, 127, 10, 136, 0, 0, 182, 0]
[filterData] åˆ†é¡žçµæžœï¼šâœ… ç¬¬ä¸€çµ„ -> [255, 148, 26, 99, 114, 48, 112, 123, 15, 21, 0, 70, 1, 0, 0, 248, 0]
[filterData] åˆ†é¡žçµæžœï¼šðŸ’  ç¬¬äºŒçµ„ -> [255, 241, 127, 248, 127, 248, 127, 147, 127, 222, 127, 23, 136, 0, 0, 149, 0]
[filterData] åˆ†é¡žçµæžœï¼šâœ… ç¬¬ä¸€çµ„ -> [255, 75, 204, 102, 114, 48, 176, 129, 15, 21, 0, 70, 1, 0, 0, 70, 0]
[filterData] åˆ†é¡žçµæžœï¼šðŸ’  ç¬¬äºŒçµ„ -> [255, 12, 128, 254, 127, 247, 127, 162, 127, 231, 127, 20, 136, 0, 0, 95, 0]
[filterData] åˆ†é¡žçµæžœï¼šâœ… ç¬¬ä¸€çµ„ -> [255, 252, 125, 106, 114, 48, 128, 132, 15, 21, 0, 70, 1, 0, 0, 13, 0]
[filterData] åˆ†é¡žçµæžœï¼šðŸ’  ç¬¬äºŒçµ„ -> [255, 247, 127, 251, 127, 248, 127, 136, 127, 230, 127, 10, 136, 0, 0, 156, 0]
[filterData] åˆ†é¡žçµæžœï¼šâœ… ç¬¬ä¸€çµ„ -> [255, 176, 47, 110, 114, 48, 112, 139, 15, 21, 0, 70, 1, 0, 0, 172, 0]
[filterData] åˆ†é¡žçµæžœï¼šðŸ’  ç¬¬äºŒçµ„ -> [255, 253, 127, 250, 127, 248, 127, 153, 127, 237, 127, 14, 136, 0, 0, 123, 0]
[filterData] åˆ†é¡žçµæžœï¼šâœ… ç¬¬ä¸€çµ„ -> [255, 100, 225, 113, 114, 48, 64, 138, 15, 21, 0, 70, 1, 0, 0, 116, 0]
[filterData] åˆ†é¡žçµæžœï¼šðŸ’  ç¬¬äºŒçµ„ -> [255, 246, 127, 251, 127, 248, 127, 151, 127, 235, 127, 17, 136, 0, 0, 130, 0]
[filterData] åˆ†é¡žçµæžœï¼šâœ… ç¬¬ä¸€çµ„ -> [255, 29, 147, 117, 114, 48, 192, 129, 15, 21, 0, 70, 1, 0, 0, 142, 0]
[filterData] åˆ†é¡žçµæžœï¼šðŸ’  ç¬¬äºŒçµ„ -> [255, 241, 127, 251, 127, 248, 127, 139, 127, 229, 127, 19, 136, 0, 0, 151, 0]
[filterData] åˆ†é¡žçµæžœï¼šâœ… ç¬¬ä¸€çµ„ -> [255, 204, 68, 121, 114, 48, 128, 122, 15, 21, 0, 70, 1, 0, 0, 113, 0]
[filterData] åˆ†é¡žçµæžœï¼šðŸ’  ç¬¬äºŒçµ„ -> [255, 239, 127, 249, 127, 248, 127, 142, 127, 234, 127, 14, 136, 0, 0, 152, 0]
[filterData] åˆ†é¡žçµæžœï¼šâœ… ç¬¬ä¸€çµ„ -> [255, 228, 246, 124, 114, 48, 144, 117, 15, 21, 0, 70, 1, 0, 0, 153, 0]
[filterData] åˆ†é¡žçµæžœï¼šðŸ’  ç¬¬äºŒçµ„ -> [255, 243, 127, 252, 127, 247, 127, 161, 127, 240, 127, 20, 136, 0, 0, 115, 0]
[filterData] åˆ†é¡žçµæžœï¼šâœ… ç¬¬ä¸€çµ„ -> [255, 152, 168, 128, 114, 48, 48, 117, 15, 21, 0, 70, 1, 0, 0, 143, 0]
[filterData] åˆ†é¡žçµæžœï¼šðŸ’  ç¬¬äºŒçµ„ -> [255, 241, 127, 250, 127, 248, 127, 147, 127, 237, 127, 15, 136, 0, 0, 140, 0]
[filterData] åˆ†é¡žçµæžœï¼šâœ… ç¬¬ä¸€çµ„ -> [255, 232, 89, 132, 114, 48, 64, 122, 15, 21, 0, 70, 1, 0, 0, 117, 0]
[filterData] åˆ†é¡žçµæžœï¼šðŸ’  ç¬¬äºŒçµ„ -> [255, 245, 127, 251, 127, 248, 127, 148, 127, 242, 127, 15, 136, 0, 0, 129, 0]
[filterData] åˆ†é¡žçµæžœï¼šâœ… ç¬¬ä¸€çµ„ -> [255, 156, 11, 136, 114, 48, 64, 129, 15, 21, 0, 70, 1, 0, 0, 4, 0]
[filterData] åˆ†é¡žçµæžœï¼šðŸ’  ç¬¬äºŒçµ„ -> [255, 249, 127, 251, 127, 248, 127, 151, 127, 243, 127, 18, 136, 0, 0, 118, 0]
[filterData] åˆ†é¡žçµæžœï¼šâœ… ç¬¬ä¸€çµ„ -> [255, 136, 188, 139, 114, 48, 48, 136, 15, 21, 0, 70, 1, 0, 0, 109, 0]
[filterData] åˆ†é¡žçµæžœï¼šðŸ’  ç¬¬äºŒçµ„ -> [255, 247, 127, 250, 127, 247, 127, 153, 127, 243, 127, 25, 136, 0, 0, 113, 0]
[filterData] åˆ†é¡žçµæžœï¼šâœ… ç¬¬ä¸€çµ„ -> [255, 60, 110, 143, 114, 48, 176, 140, 15, 21, 0, 70, 1, 0, 0, 127, 0]
[filterData] åˆ†é¡žçµæžœï¼šðŸ’  ç¬¬äºŒçµ„ -> [255, 243, 127, 252, 127, 249, 127, 151, 127, 242, 127, 23, 136, 0, 0, 118, 0]
[filterData] åˆ†é¡žçµæžœï¼šâœ… ç¬¬ä¸€çµ„ -> [255, 140, 31, 147, 114, 48, 112, 137, 15, 21, 0, 70, 1, 0, 0, 189, 0]
[filterData] åˆ†é¡žçµæžœï¼šðŸ’  ç¬¬äºŒçµ„ -> [255, 247, 127, 253, 127, 248, 127, 146, 127, 239, 127, 20, 136, 0, 0, 125, 0]
[filterData] åˆ†é¡žçµæžœï¼šâœ… ç¬¬ä¸€çµ„ -> [255, 220, 208, 150, 114, 48, 96, 133, 15, 21, 0, 70, 1, 0, 0, 205, 0]
[filterData] åˆ†é¡žçµæžœï¼šðŸ’  ç¬¬äºŒçµ„ -> [255, 247, 127, 252, 127, 249, 127, 150, 127, 232, 127, 15, 136, 0, 0, 133, 0]
[filterData] åˆ†é¡žçµæžœï¼šâœ… ç¬¬ä¸€çµ„ -> [255, 44, 130, 154, 114, 48, 112, 124, 15, 21, 0, 70, 1, 0, 0, 192, 0]
[filterData] åˆ†é¡žçµæžœï¼šðŸ’  ç¬¬äºŒçµ„ -> [255, 243, 127, 250, 127, 247, 127, 147, 127, 238, 127, 16, 136, 0, 0, 137, 0]
[filterData] åˆ†é¡žçµæžœï¼šâœ… ç¬¬ä¸€çµ„ -> [255, 124, 51, 158, 114, 48, 192, 120, 15, 21, 0, 70, 1, 0, 0, 111, 0]
[filterData] åˆ†é¡žçµæžœï¼šðŸ’  ç¬¬äºŒçµ„ -> [255, 247, 127, 251, 127, 248, 127, 149, 127, 239, 127, 19, 136, 0, 0, 125, 0]
[filterData] åˆ†é¡žçµæžœï¼šâœ… ç¬¬ä¸€çµ„ -> [255, 207, 228, 161, 114, 48, 160, 119, 15, 21, 0, 70, 1, 0, 0, 137, 0]
[filterData] åˆ†é¡žçµæžœï¼šðŸ’  ç¬¬äºŒçµ„ -> [255, 246, 127, 252, 127, 249, 127, 154, 127, 232, 127, 20, 136, 0, 0, 125, 0]
[filterData] åˆ†é¡žçµæžœï¼šâœ… ç¬¬ä¸€çµ„ -> [255, 184, 149, 165, 114, 48, 96, 125, 15, 21, 0, 70, 1, 0, 0, 37, 0]
[filterData] åˆ†é¡žçµæžœï¼šðŸ’  ç¬¬äºŒçµ„ -> [255, 246, 127, 251, 127, 247, 127, 150, 127, 234, 127, 18, 136, 0, 0, 132, 0]
[filterData] åˆ†é¡žçµæžœï¼šâœ… ç¬¬ä¸€çµ„ -> [255, 8, 71, 169, 114, 48, 32, 130, 15, 21, 0, 70, 1, 0, 0, 90, 0]
[filterData] åˆ†é¡žçµæžœï¼šðŸ’  ç¬¬äºŒçµ„ -> [255, 244, 127, 252, 127, 248, 127, 144, 127, 237, 127, 13, 136, 0, 0, 140, 0]
[filterData] åˆ†é¡žçµæžœï¼šâœ… ç¬¬ä¸€çµ„ -> [255, 188, 248, 172, 114, 48, 224, 134, 15, 21, 0, 70, 1, 0, 0, 46, 0]
[filterData] åˆ†é¡žçµæžœï¼šðŸ’  ç¬¬äºŒçµ„ -> [255, 247, 127, 250, 127, 248, 127, 151, 127, 238, 127, 17, 136, 0, 0, 127, 0]
[filterData] åˆ†é¡žçµæžœï¼šâœ… ç¬¬ä¸€çµ„ -> [255, 12, 170, 176, 114, 48, 128, 138, 15, 21, 0, 70, 1, 0, 0, 132, 0]
[filterData] åˆ†é¡žçµæžœï¼šðŸ’  ç¬¬äºŒçµ„ -> [255, 248, 127, 251, 127, 247, 127, 148, 127, 236, 127, 16, 136, 0, 0, 132, 0]
[filterData] åˆ†é¡žçµæžœï¼šâœ… ç¬¬ä¸€çµ„ -> [255, 95, 91, 180, 114, 48, 32, 140, 15, 21, 0, 70, 1, 0, 0, 218, 0]
[filterData] åˆ†é¡žçµæžœï¼šðŸ’  ç¬¬äºŒçµ„ -> [255, 243, 127, 251, 127, 248, 127, 148, 127, 241, 127, 16, 136, 0, 0, 131, 0]
[filterData] åˆ†é¡žçµæžœï¼šâœ… ç¬¬ä¸€çµ„ -> [255, 172, 54, 52, 114, 48, 112, 131, 15, 21, 0, 70, 1, 0, 0, 235, 0]
[filterData] åˆ†é¡žçµæžœï¼šðŸ’  ç¬¬äºŒçµ„ -> [255, 247, 127, 252, 127, 247, 127, 146, 127, 240, 127, 11, 136, 0, 0, 135, 0]
[filterData] åˆ†é¡žçµæžœï¼šâœ… ç¬¬ä¸€çµ„ -> [255, 252, 231, 55, 114, 48, 240, 123, 15, 21, 0, 70, 1, 0, 0, 111, 0]
[filterData] åˆ†é¡žçµæžœï¼šðŸ’  ç¬¬äºŒçµ„ -> [255, 246, 127, 251, 127, 248, 127, 153, 127, 236, 127, 16, 136, 0, 0, 128, 0]
[filterData] åˆ†é¡žçµæžœï¼šâœ… ç¬¬ä¸€çµ„ -> [255, 76, 153, 59, 114, 48, 80, 120, 15, 21, 0, 70, 1, 0, 0, 12, 0]
[filterData] åˆ†é¡žçµæžœï¼šðŸ’  ç¬¬äºŒçµ„ -> [255, 244, 127, 250, 127, 248, 127, 147, 127, 236, 127, 16, 136, 0, 0, 137, 0]
[filterData] åˆ†é¡žçµæžœï¼šâœ… ç¬¬ä¸€çµ„ -> [255, 156, 74, 63, 114, 48, 224, 117, 15, 21, 0, 70, 1, 0, 0, 122, 0]
[filterData] åˆ†é¡žçµæžœï¼šðŸ’  ç¬¬äºŒçµ„ -> [255, 244, 127, 250, 127, 248, 127, 142, 127, 238, 127, 18, 136, 0, 0, 138, 0]
[filterData] åˆ†é¡žçµæžœï¼šâœ… ç¬¬ä¸€çµ„ -> [255, 236, 209, 198, 114, 48, 48, 122, 15, 21, 0, 70, 1, 0, 0, 199, 0]
[filterData] åˆ†é¡žçµæžœï¼šðŸ’  ç¬¬äºŒçµ„ -> [255, 245, 127, 251, 127, 249, 127, 150, 127, 239, 127, 17, 136, 0, 0, 127, 0]
[filterData] åˆ†é¡žçµæžœï¼šâœ… ç¬¬ä¸€çµ„ -> [255, 60, 131, 202, 114, 48, 64, 132, 15, 21, 0, 70, 1, 0, 0, 167, 0]
[filterData] åˆ†é¡žçµæžœï¼šðŸ’  ç¬¬äºŒçµ„ -> [255, 244, 127, 250, 127, 248, 127, 147, 127, 236, 127, 19, 136, 0, 0, 134, 0]
[filterData] åˆ†é¡žçµæžœï¼šâœ… ç¬¬ä¸€çµ„ -> [255, 140, 52, 206, 114, 48, 224, 133, 15, 21, 0, 70, 1, 0, 0, 1, 0]
[filterData] åˆ†é¡žçµæžœï¼šðŸ’  ç¬¬äºŒçµ„ -> [255, 245, 127, 250, 127, 249, 127, 148, 127, 236, 127, 20, 136, 0, 0, 130, 0]
[filterData] åˆ†é¡žçµæžœï¼šâœ… ç¬¬ä¸€çµ„ -> [255, 64, 230, 209, 114, 48, 240, 138, 15, 21, 0, 70, 1, 0, 0, 131, 0]
[filterData] åˆ†é¡žçµæžœï¼šðŸ’  ç¬¬äºŒçµ„ -> [255, 248, 127, 252, 127, 248, 127, 145, 127, 239, 127, 19, 136, 0, 0, 127, 0]
[filterData] åˆ†é¡žçµæžœï¼šâœ… ç¬¬ä¸€çµ„ -> [255, 144, 151, 213, 114, 48, 240, 138, 15, 21, 0, 70, 1, 0, 0, 126, 0]
[filterData] åˆ†é¡žçµæžœï¼šðŸ’  ç¬¬äºŒçµ„ -> [255, 247, 127, 252, 127, 248, 127, 150, 127, 236, 127, 17, 136, 0, 0, 128, 0]
[filterData] åˆ†é¡žçµæžœï¼šâœ… ç¬¬ä¸€çµ„ -> [255, 224, 72, 217, 114, 48, 48, 130, 15, 21, 0, 70, 1, 0, 0, 65, 0]
[filterData] åˆ†é¡žçµæžœï¼šðŸ’  ç¬¬äºŒçµ„ -> [255, 247, 127, 251, 127, 248, 127, 148, 127, 240, 127, 19, 136, 0, 0, 125, 0]
[filterData] åˆ†é¡žçµæžœï¼šâœ… ç¬¬ä¸€çµ„ -> [255, 51, 250, 220, 114, 48, 160, 122, 15, 21, 0, 70, 1, 0, 0, 209, 0]
[filterData] åˆ†é¡žçµæžœï¼šðŸ’  ç¬¬äºŒçµ„ -> [255, 251, 127, 251, 127, 249, 127, 144, 127, 239, 127, 19, 136, 0, 0, 125, 0]
[filterData] åˆ†é¡žçµæžœï¼šâœ… ç¬¬ä¸€çµ„ -> [255, 228, 171, 224, 114, 48, 48, 116, 15, 21, 0, 70, 1, 0, 0, 225, 0]
[filterData] åˆ†é¡žçµæžœï¼šðŸ’  ç¬¬äºŒçµ„ -> [255, 250, 127, 251, 127, 248, 127, 144, 127, 235, 127, 16, 136, 0, 0, 134, 0]
[filterData] åˆ†é¡žçµæžœï¼šâœ… ç¬¬ä¸€çµ„ -> [255, 152, 93, 228, 114, 48, 176, 116, 15, 21, 0, 70, 1, 0, 0, 247, 0]
[filterData] åˆ†é¡žçµæžœï¼šðŸ’  ç¬¬äºŒçµ„ -> [255, 245, 127, 250, 127, 248, 127, 146, 127, 238, 127, 19, 136, 0, 0, 132, 0]
[filterData] åˆ†é¡žçµæžœï¼šâœ… ç¬¬ä¸€çµ„ -> [255, 232, 14, 232, 114, 48, 208, 121, 15, 21, 0, 70, 1, 0, 0, 205, 0]
[filterData] åˆ†é¡žçµæžœï¼šðŸ’  ç¬¬äºŒçµ„ -> [255, 247, 127, 252, 127, 248, 127, 153, 127, 242, 127, 15, 136, 0, 0, 121, 0]
[filterData] åˆ†é¡žçµæžœï¼šâœ… ç¬¬ä¸€çµ„ -> [255, 156, 192, 235, 114, 48, 176, 127, 15, 21, 0, 70, 1, 0, 0, 126, 0]
[filterData] åˆ†é¡žçµæžœï¼šðŸ’  ç¬¬äºŒçµ„ -> [255, 247, 127, 251, 127, 248, 127, 143, 127, 234, 127, 19, 136, 0, 0, 136, 0]
[filterData] åˆ†é¡žçµæžœï¼šâœ… ç¬¬ä¸€çµ„ -> [255, 80, 114, 239, 114, 48, 112, 133, 15, 21, 0, 70, 1, 0, 0, 78, 0]
[filterData] åˆ†é¡žçµæžœï¼šðŸ’  ç¬¬äºŒçµ„ -> [255, 244, 127, 251, 127, 248, 127, 148, 127, 234, 127, 19, 136, 0, 0, 134, 0]
[filterData] åˆ†é¡žçµæžœï¼šâœ… ç¬¬ä¸€çµ„ -> [255, 6, 36, 243, 114, 48, 240, 134, 15, 21, 0, 70, 1, 0, 0, 97, 0]
[filterData] åˆ†é¡žçµæžœï¼šðŸ’  ç¬¬äºŒçµ„ -> [255, 247, 127, 251, 127, 248, 127, 145, 127, 233, 127, 23, 136, 0, 0, 131, 0]
[filterData] åˆ†é¡žçµæžœï¼šâœ… ç¬¬ä¸€çµ„ -> [255, 28, 214, 246, 114, 48, 48, 137, 15, 21, 0, 70, 1, 0, 0, 83, 0]
[filterData] åˆ†é¡žçµæžœï¼šðŸ’  ç¬¬äºŒçµ„ -> [255, 247, 127, 251, 127, 248, 127, 147, 127, 239, 127, 16, 136, 0, 0, 130, 0]
[filterData] åˆ†é¡žçµæžœï¼šâœ… ç¬¬ä¸€çµ„ -> [255, 52, 136, 250, 114, 48, 112, 128, 15, 21, 0, 70, 1, 0, 0, 78, 0]
[filterData] åˆ†é¡žçµæžœï¼šðŸ’  ç¬¬äºŒçµ„ -> [255, 244, 127, 251, 127, 248, 127, 146, 127, 239, 127, 16, 136, 0, 0, 134, 0]
[filterData] åˆ†é¡žçµæžœï¼šâœ… ç¬¬ä¸€çµ„ -> [255, 232, 57, 254, 114, 48, 112, 120, 15, 21, 0, 70, 1, 0, 0, 237, 0]
[filterData] åˆ†é¡žçµæžœï¼šðŸ’  ç¬¬äºŒçµ„ -> [255, 244, 127, 251, 127, 248, 127, 147, 127, 238, 127, 19, 136, 0, 0, 131, 0]
[filterData] åˆ†é¡žçµæžœï¼šâœ… ç¬¬ä¸€çµ„ -> [255, 156, 235, 1, 115, 48, 160, 116, 15, 21, 0, 70, 1, 0, 0, 87, 0]
[filterData] åˆ†é¡žçµæžœï¼šðŸ’  ç¬¬äºŒçµ„ -> [255, 245, 127, 251, 127, 248, 127, 147, 127, 238, 127, 16, 136, 0, 0, 133, 0]
[filterData] åˆ†é¡žçµæžœï¼šâœ… ç¬¬ä¸€çµ„ -> [255, 80, 157, 5, 115, 48, 48, 117, 15, 21, 0, 70, 1, 0, 0, 92, 0]
[filterData] åˆ†é¡žçµæžœï¼šðŸ’  ç¬¬äºŒçµ„ -> [255, 246, 127, 251, 127, 248, 127, 151, 127, 236, 127, 15, 136, 0, 0, 131, 0]
[filterData] åˆ†é¡žçµæžœï¼šâœ… ç¬¬ä¸€çµ„ -> [255, 160, 78, 9, 115, 48, 128, 123, 15, 21, 0, 70, 1, 0, 0, 1, 0]
[filterData] åˆ†é¡žçµæžœï¼šðŸ’  ç¬¬äºŒçµ„ -> [255, 247, 127, 251, 127, 248, 127, 148, 127, 238, 127, 14, 136, 0, 0, 132, 0]
[filterData] åˆ†é¡žçµæžœï¼šâœ… ç¬¬ä¸€çµ„ -> [255, 84, 0, 13, 115, 48, 208, 127, 15, 21, 0, 70, 1, 0, 0, 67, 0]
[filterData] åˆ†é¡žçµæžœï¼šðŸ’  ç¬¬äºŒçµ„ -> [255, 247, 127, 250, 127, 249, 127, 148, 127, 237, 127, 18, 136, 0, 0, 129, 0]
[filterData] åˆ†é¡žçµæžœï¼šâœ… ç¬¬ä¸€çµ„ -> [255, 8, 178, 16, 115, 48, 16, 132, 15, 21, 0, 70, 1, 0, 0, 149, 0]
[filterData] åˆ†é¡žçµæžœï¼šðŸ’  ç¬¬äºŒçµ„ -> [255, 246, 127, 251, 127, 248, 127, 146, 127, 238, 127, 18, 136, 0, 0, 131, 0]
[filterData] åˆ†é¡žçµæžœï¼šâœ… ç¬¬ä¸€çµ„ -> [255, 88, 99, 20, 115, 48, 224, 138, 15, 21, 0, 70, 1, 0, 0, 186, 0]
[filterData] åˆ†é¡žçµæžœï¼šðŸ’  ç¬¬äºŒçµ„ -> [255, 242, 127, 251, 127, 248, 127, 150, 127, 237, 127, 20, 136, 0, 0, 130, 0]
[filterData] åˆ†é¡žçµæžœï¼šâœ… ç¬¬ä¸€çµ„ -> [255, 115, 21, 24, 115, 48, 144, 136, 15, 21, 0, 70, 1, 0, 0, 59, 0]
[filterData] åˆ†é¡žçµæžœï¼šðŸ’  ç¬¬äºŒçµ„ -> [255, 244, 127, 252, 127, 248, 127, 142, 127, 239, 127, 20, 136, 0, 0, 133, 0]
[filterData] åˆ†é¡žçµæžœï¼šâœ… ç¬¬ä¸€çµ„ -> [255, 36, 199, 27, 115, 48, 128, 130, 15, 21, 0, 70, 1, 0, 0, 235, 0]
[filterData] åˆ†é¡žçµæžœï¼šðŸ’  ç¬¬äºŒçµ„ -> [255, 241, 127, 251, 127, 248, 127, 147, 127, 233, 127, 19, 136, 0, 0, 139, 0]
[filterData] åˆ†é¡žçµæžœï¼šâœ… ç¬¬ä¸€çµ„ -> [255, 216, 120, 31, 115, 48, 48, 121, 15, 21, 0, 70, 1, 0, 0, 219, 0]
[filterData] åˆ†é¡žçµæžœï¼šðŸ’  ç¬¬äºŒçµ„ -> [255, 241, 127, 251, 127, 248, 127, 147, 127, 237, 127, 20, 136, 0, 0, 134, 0]
[filterData] åˆ†é¡žçµæžœï¼šâœ… ç¬¬ä¸€çµ„ -> [255, 140, 42, 35, 115, 48, 160, 116, 15, 21, 0, 70, 1, 0, 0, 6, 0]
[filterData] åˆ†é¡žçµæžœï¼šðŸ’  ç¬¬äºŒçµ„ -> [255, 242, 127, 251, 127, 249, 127, 149, 127, 237, 127, 19, 136, 0, 0, 131, 0]
[filterData] åˆ†é¡žçµæžœï¼šâœ… ç¬¬ä¸€çµ„ -> [255, 64, 220, 38, 115, 48, 160, 114, 15, 21, 0, 70, 1, 0, 0, 159, 0]
[filterData] åˆ†é¡žçµæžœï¼šðŸ’  ç¬¬äºŒçµ„ -> [255, 244, 127, 251, 127, 249, 127, 147, 127, 238, 127, 17, 136, 0, 0, 132, 0]
[filterData] åˆ†é¡žçµæžœï¼šâœ… ç¬¬ä¸€çµ„ -> [255, 244, 141, 42, 115, 48, 192, 121, 15, 21, 0, 70, 1, 0, 0, 15, 0]
[filterData] åˆ†é¡žçµæžœï¼šðŸ’  ç¬¬äºŒçµ„ -> [255, 246, 127, 252, 127, 248, 127, 150, 127, 244, 127, 15, 136, 0, 0, 123, 0]
[filterData] åˆ†é¡žçµæžœï¼šâœ… ç¬¬ä¸€çµ„ -> [255, 168, 63, 46, 115, 48, 16, 125, 15, 21, 0, 70, 1, 0, 0, 81, 0]
[filterData] åˆ†é¡žçµæžœï¼šðŸ’  ç¬¬äºŒçµ„ -> [255, 249, 127, 251, 127, 248, 127, 146, 127, 239, 127, 16, 136, 0, 0, 129, 0]
[filterData] åˆ†é¡žçµæžœï¼šâœ… ç¬¬ä¸€çµ„ -> [255, 92, 241, 49, 115, 48, 240, 134, 15, 21, 0, 70, 1, 0, 0, 255, 0]
[filterData] åˆ†é¡žçµæžœï¼šðŸ’  ç¬¬äºŒçµ„ -> [255, 245, 127, 251, 127, 249, 127, 155, 127, 234, 127, 13, 136, 0, 0, 131, 0]
[filterData] åˆ†é¡žçµæžœï¼šâœ… ç¬¬ä¸€çµ„ -> [255, 21, 163, 53, 115, 48, 176, 138, 15, 21, 0, 70, 1, 0, 0, 204, 0]
[filterData] åˆ†é¡žçµæžœï¼šðŸ’  ç¬¬äºŒçµ„ -> [255, 245, 127, 251, 127, 248, 127, 155, 127, 240, 127, 20, 136, 0, 0, 119, 0]
[filterData] åˆ†é¡žçµæžœï¼šâœ… ç¬¬ä¸€çµ„ -> [255, 96, 126, 181, 114, 48, 224, 138, 15, 21, 0, 70, 1, 0, 0, 247, 0]
[filterData] åˆ†é¡žçµæžœï¼šðŸ’  ç¬¬äºŒçµ„ -> [255, 249, 127, 252, 127, 248, 127, 144, 127, 238, 127, 20, 136, 0, 0, 127, 0]
[filterData] åˆ†é¡žçµæžœï¼šâœ… ç¬¬ä¸€çµ„ -> [255, 176, 47, 185, 114, 48, 80, 133, 15, 21, 0, 70, 1, 0, 0, 135, 0]
[filterData] åˆ†é¡žçµæžœï¼šðŸ’  ç¬¬äºŒçµ„ -> [255, 247, 127, 251, 127, 247, 127, 152, 127, 237, 127, 21, 136, 0, 0, 123, 0]
[filterData] åˆ†é¡žçµæžœï¼šâœ… ç¬¬ä¸€çµ„ -> [255, 0, 225, 188, 114, 48, 224, 123, 15, 21, 0, 70, 1, 0, 0, 252, 0]
[filterData] åˆ†é¡žçµæžœï¼šðŸ’  ç¬¬äºŒçµ„ -> [255, 242, 127, 255, 127, 248, 127, 144, 127, 233, 127, 20, 136, 0, 0, 136, 0]
[filterData] åˆ†é¡žçµæžœï¼šâœ… ç¬¬ä¸€çµ„ -> [255, 180, 146, 192, 114, 48, 176, 118, 15, 21, 0, 70, 1, 0, 0, 200, 0]
[filterData] åˆ†é¡žçµæžœï¼šðŸ’  ç¬¬äºŒçµ„ -> [255, 220, 127, 247, 127, 247, 127, 156, 127, 23, 128, 2, 136, 0, 0, 126, 0]
[filterData] åˆ†é¡žçµæžœï¼šâœ… ç¬¬ä¸€çµ„ -> [255, 104, 26, 72, 115, 48, 160, 114, 15, 21, 0, 70, 1, 0, 0, 23, 0]
[filterData] åˆ†é¡žçµæžœï¼šðŸ’  ç¬¬äºŒçµ„ -> [255, 231, 127, 3, 128, 247, 127, 165, 127, 201, 127, 28, 136, 0, 0, 146, 0]
[filterData] åˆ†é¡žçµæžœï¼šâœ… ç¬¬ä¸€çµ„ -> [255, 28, 204, 75, 115, 48, 32, 119, 15, 21, 0, 70, 1, 0, 0, 41, 0]
[filterData] åˆ†é¡žçµæžœï¼šðŸ’  ç¬¬äºŒçµ„ -> [255, 239, 127, 250, 127, 248, 127, 162, 127, 237, 127, 18, 136, 0, 0, 124, 0]
[filterData] åˆ†é¡žçµæžœï¼šâœ… ç¬¬ä¸€çµ„ -> [255, 108, 125, 79, 115, 48, 112, 126, 15, 21, 0, 70, 1, 0, 0, 205, 0]
[filterData] åˆ†é¡žçµæžœï¼šðŸ’  ç¬¬äºŒçµ„ -> [255, 255, 127, 252, 127, 248, 127, 139, 127, 229, 127, 7, 136, 0, 0, 148, 0]
[filterData] åˆ†é¡žçµæžœï¼šâœ… ç¬¬ä¸€çµ„ -> [255, 35, 47, 83, 115, 48, 144, 132, 15, 21, 0, 70, 1, 0, 0, 58, 0]
[filterData] åˆ†é¡žçµæžœï¼šðŸ’  ç¬¬äºŒçµ„ -> [255, 245, 127, 250, 127, 248, 127, 137, 127, 235, 127, 4, 136, 0, 0, 159, 0]
[filterData] åˆ†é¡žçµæžœï¼šâœ… ç¬¬ä¸€çµ„ -> [255, 212, 224, 86, 115, 48, 0, 138, 15, 21, 0, 70, 1, 0, 0, 95, 0]
[filterData] åˆ†é¡žçµæžœï¼šðŸ’  ç¬¬äºŒçµ„ -> [255, 249, 127, 250, 127, 248, 127, 149, 127, 241, 127, 18, 136, 0, 0, 123, 0]
[filterData] åˆ†é¡žçµæžœï¼šâœ… ç¬¬ä¸€çµ„ -> [255, 136, 146, 90, 115, 48, 240, 139, 15, 21, 0, 70, 1, 0, 0, 4, 0]
[filterData] åˆ†é¡žçµæžœï¼šðŸ’  ç¬¬äºŒçµ„ -> [255, 250, 127, 251, 127, 248, 127, 157, 127, 250, 127, 23, 136, 0, 0, 99, 0]
[filterData] åˆ†é¡žçµæžœï¼šâœ… ç¬¬ä¸€çµ„ -> [255, 60, 68, 94, 115, 48, 224, 130, 15, 21, 0, 70, 1, 0, 0, 179, 0]
[filterData] åˆ†é¡žçµæžœï¼šðŸ’  ç¬¬äºŒçµ„ -> [255, 249, 127, 251, 127, 249, 127, 150, 127, 245, 127, 21, 136, 0, 0, 113, 0]
[filterData] åˆ†é¡žçµæžœï¼šâœ… ç¬¬ä¸€çµ„ -> [255, 84, 246, 97, 115, 48, 64, 119, 15, 21, 0, 70, 1, 0, 0, 145, 0]
[filterData] åˆ†é¡žçµæžœï¼šðŸ’  ç¬¬äºŒçµ„ -> [255, 247, 127, 251, 127, 248, 127, 150, 127, 245, 127, 20, 136, 0, 0, 117, 0]
[filterData] åˆ†é¡žçµæžœï¼šâœ… ç¬¬ä¸€çµ„ -> [255, 8, 168, 101, 115, 48, 32, 117, 15, 21, 0, 70, 1, 0, 0, 73, 0]
[filterData] åˆ†é¡žçµæžœï¼šðŸ’  ç¬¬äºŒçµ„ -> [255, 247, 127, 251, 127, 248, 127, 146, 127, 242, 127, 14, 136, 0, 0, 130, 0]
[filterData] åˆ†é¡žçµæžœï¼šâœ… ç¬¬ä¸€çµ„ -> [255, 188, 89, 105, 115, 48, 176, 118, 15, 21, 0, 70, 1, 0, 0, 79, 0]
[filterData] åˆ†é¡žçµæžœï¼šðŸ’  ç¬¬äºŒçµ„ -> [255, 247, 127, 251, 127, 248, 127, 150, 127, 236, 127, 18, 136, 0, 0, 128, 0]
[filterData] åˆ†é¡žçµæžœï¼šâœ… ç¬¬ä¸€çµ„ -> [255, 212, 11, 109, 115, 48, 80, 118, 15, 21, 0, 70, 1, 0, 0, 225, 0]
[filterData] åˆ†é¡žçµæžœï¼šðŸ’  ç¬¬äºŒçµ„ -> [255, 247, 127, 251, 127, 248, 127, 144, 127, 237, 127, 17, 136, 0, 0, 134, 0]
[filterData] åˆ†é¡žçµæžœï¼šâœ… ç¬¬ä¸€çµ„ -> [255, 136, 189, 112, 115, 48, 112, 127, 15, 21, 0, 70, 1, 0, 0, 79, 0]
[filterData] åˆ†é¡žçµæžœï¼šðŸ’  ç¬¬äºŒçµ„ -> [255, 245, 127, 250, 127, 248, 127, 147, 127, 235, 127, 17, 136, 0, 0, 136, 0]
[filterData] åˆ†é¡žçµæžœï¼šâœ… ç¬¬ä¸€çµ„ -> [255, 63, 111, 116, 115, 48, 64, 133, 15, 21, 0, 70, 1, 0, 0, 12, 0]
[filterData] åˆ†é¡žçµæžœï¼šðŸ’  ç¬¬äºŒçµ„ -> [255, 245, 127, 250, 127, 248, 127, 147, 127, 235, 127, 17, 136, 0, 0, 136, 0]
[filterData] åˆ†é¡žçµæžœï¼šâœ… ç¬¬ä¸€çµ„ -> [255, 84, 33, 120, 115, 48, 96, 137, 15, 21, 0, 70, 1, 0, 0, 29, 0]
[filterData] åˆ†é¡žçµæžœï¼šðŸ’  ç¬¬äºŒçµ„ -> [255, 241, 127, 251, 127, 248, 127, 142, 127, 237, 127, 23, 136, 0, 0, 136, 0]
[filterData] åˆ†é¡žçµæžœï¼šâœ… ç¬¬ä¸€çµ„ -> [255, 8, 211, 123, 115, 48, 32, 138, 15, 21, 0, 70, 1, 0, 0, 243, 0]
[filterData] åˆ†é¡žçµæžœï¼šðŸ’  ç¬¬äºŒçµ„ -> [255, 244, 127, 251, 127, 248, 127, 147, 127, 237, 127, 23, 136, 0, 0, 128, 0]
[filterData] åˆ†é¡žçµæžœï¼šâœ… ç¬¬ä¸€çµ„ -> [255, 188, 132, 127, 115, 48, 48, 130, 15, 21, 0, 70, 1, 0, 0, 130, 0]
[filterData] åˆ†é¡žçµæžœï¼šðŸ’  ç¬¬äºŒçµ„ -> [255, 244, 127, 251, 127, 248, 127, 146, 127, 237, 127, 19, 136, 0, 0, 133, 0]
[filterData] åˆ†é¡žçµæžœï¼šâœ… ç¬¬ä¸€çµ„ -> [255, 112, 54, 131, 115, 48, 208, 122, 15, 21, 0, 70, 1, 0, 0, 128, 0]
[filterData] åˆ†é¡žçµæžœï¼šðŸ’  ç¬¬äºŒçµ„ -> [255, 241, 127, 250, 127, 249, 127, 150, 127, 239, 127, 16, 136, 0, 0, 133, 0]
[filterData] åˆ†é¡žçµæžœï¼šâœ… ç¬¬ä¸€çµ„ -> [255, 192, 231, 134, 115, 48, 224, 122, 15, 21, 0, 70, 1, 0, 0, 108, 0]
[filterData] åˆ†é¡žçµæžœï¼šðŸ’  ç¬¬äºŒçµ„ -> [255, 246, 127, 251, 127, 247, 127, 148, 127, 243, 127, 15, 136, 0, 0, 128, 0]
[filterData] åˆ†é¡žçµæžœï¼šâœ… ç¬¬ä¸€çµ„ -> [255, 16, 153, 138, 115, 48, 48, 119, 15, 21, 0, 70, 1, 0, 0, 25, 0]
[filterData] åˆ†é¡žçµæžœï¼šðŸ’  ç¬¬äºŒçµ„ -> [255, 247, 127, 251, 127, 248, 127, 150, 127, 237, 127, 18, 136, 0, 0, 127, 0]
[filterData] åˆ†é¡žçµæžœï¼šâœ… ç¬¬ä¸€çµ„ -> [255, 43, 75, 142, 115, 48, 32, 120, 15, 21, 0, 70, 1, 0, 0, 87, 0]
[filterData] åˆ†é¡žçµæžœï¼šðŸ’  ç¬¬äºŒçµ„ -> [255, 241, 127, 250, 127, 248, 127, 150, 127, 235, 127, 22, 136, 0, 0, 132, 0]
[filterData] åˆ†é¡žçµæžœï¼šâœ… ç¬¬ä¸€çµ„ -> [255, 220, 252, 145, 115, 48, 240, 126, 15, 21, 0, 70, 1, 0, 0, 28, 0]
[filterData] åˆ†é¡žçµæžœï¼šðŸ’  ç¬¬äºŒçµ„ -> [255, 245, 127, 251, 127, 249, 127, 152, 127, 231, 127, 28, 136, 0, 0, 122, 0]
[filterData] åˆ†é¡žçµæžœï¼šâœ… ç¬¬ä¸€çµ„ -> [255, 244, 174, 149, 115, 48, 224, 131, 15, 21, 0, 70, 1, 0, 0, 89, 0]
[filterData] åˆ†é¡žçµæžœï¼šðŸ’  ç¬¬äºŒçµ„ -> [255, 246, 127, 251, 127, 247, 127, 147, 127, 237, 127, 28, 136, 0, 0, 122, 0]
[filterData] åˆ†é¡žçµæžœï¼šâœ… ç¬¬ä¸€çµ„ -> [255, 12, 97, 153, 115, 48, 224, 135, 15, 21, 0, 70, 1, 0, 0, 134, 0]
[filterData] åˆ†é¡žçµæžœï¼šðŸ’  ç¬¬äºŒçµ„ -> [255, 245, 127, 253, 127, 247, 127, 147, 127, 240, 127, 30, 136, 0, 0, 116, 0]
[filterData] åˆ†é¡žçµæžœï¼šâœ… ç¬¬ä¸€çµ„ -> [255, 36, 19, 157, 115, 48, 144, 138, 15, 21, 0, 70, 1, 0, 0, 5, 0]
[filterData] åˆ†é¡žçµæžœï¼šðŸ’  ç¬¬äºŒçµ„ -> [255, 249, 127, 251, 127, 249, 127, 144, 127, 241, 127, 23, 136, 0, 0, 121, 0]
[filterData] åˆ†é¡žçµæžœï¼šâœ… ç¬¬ä¸€çµ„ -> [255, 60, 197, 160, 115, 48, 224, 128, 15, 21, 0, 70, 1, 0, 0, 242, 0]
[filterData] åˆ†é¡žçµæžœï¼šðŸ’  ç¬¬äºŒçµ„ -> [255, 244, 127, 251, 127, 248, 127, 145, 127, 241, 127, 20, 136, 0, 0, 129, 0]
[filterData] åˆ†é¡žçµæžœï¼šâœ… ç¬¬ä¸€çµ„ -> [255, 84, 119, 164, 115, 48, 48, 120, 15, 21, 0, 70, 1, 0, 0, 220, 0]
[filterData] åˆ†é¡žçµæžœï¼šðŸ’  ç¬¬äºŒçµ„ -> [255, 243, 127, 250, 127, 247, 127, 142, 127, 241, 127, 21, 136, 0, 0, 134, 0]
[filterData] åˆ†é¡žçµæžœï¼šâœ… ç¬¬ä¸€çµ„ -> [255, 108, 41, 168, 115, 48, 176, 115, 15, 21, 0, 70, 1, 0, 0, 147, 0]
[filterData] åˆ†é¡žçµæžœï¼šðŸ’  ç¬¬äºŒçµ„ -> [255, 246, 127, 250, 127, 248, 127, 148, 127, 238, 127, 21, 136, 0, 0, 127, 0]
[filterData] åˆ†é¡žçµæžœï¼šâœ… ç¬¬ä¸€çµ„ -> [255, 132, 219, 171, 115, 48, 208, 117, 15, 21, 0, 70, 1, 0, 0, 164, 0]
[filterData] åˆ†é¡žçµæžœï¼šðŸ’  ç¬¬äºŒçµ„ -> [255, 242, 127, 251, 127, 247, 127, 150, 127, 232, 127, 23, 136, 0, 0, 133, 0]
[filterData] åˆ†é¡žçµæžœï¼šâœ… ç¬¬ä¸€çµ„ -> [255, 156, 141, 175, 115, 48, 80, 121, 15, 21, 0, 70, 1, 0, 0, 82, 0]
[filterData] åˆ†é¡žçµæžœï¼šðŸ’  ç¬¬äºŒçµ„ -> [255, 245, 127, 251, 127, 248, 127, 145, 127, 239, 127, 20, 136, 0, 0, 130, 0]
[filterData] åˆ†é¡žçµæžœï¼šâœ… ç¬¬ä¸€çµ„ -> [255, 80, 63, 179, 115, 48, 80, 126, 15, 21, 0, 70, 1, 0, 0, 227, 0]
[filterData] åˆ†é¡žçµæžœï¼šðŸ’  ç¬¬äºŒçµ„ -> [255, 244, 127, 250, 127, 248, 127, 148, 127, 237, 127, 20, 136, 0, 0, 131, 0]
[filterData] åˆ†é¡žçµæžœï¼šâœ… ç¬¬ä¸€çµ„ -> [255, 160, 240, 182, 115, 48, 176, 135, 15, 21, 0, 70, 1, 0, 0, 118, 0]
[filterData] åˆ†é¡žçµæžœï¼šðŸ’  ç¬¬äºŒçµ„ -> [255, 242, 127, 251, 127, 248, 127, 146, 127, 237, 127, 16, 136, 0, 0, 138, 0]
[filterData] åˆ†é¡žçµæžœï¼šâœ… ç¬¬ä¸€çµ„ -> [255, 240, 161, 186, 115, 48, 224, 139, 15, 21, 0, 70, 1, 0, 0, 61, 0]
[filterData] åˆ†é¡žçµæžœï¼šðŸ’  ç¬¬äºŒçµ„ -> [255, 242, 127, 250, 127, 248, 127, 153, 127, 241, 127, 17, 136, 0, 0, 127, 0]
[filterData] åˆ†é¡žçµæžœï¼šâœ… ç¬¬ä¸€çµ„ -> [255, 164, 83, 190, 115, 48, 224, 144, 15, 21, 0, 70, 1, 0, 0, 206, 0]
[filterData] åˆ†é¡žçµæžœï¼šðŸ’  ç¬¬äºŒçµ„ -> [255, 243, 127, 251, 127, 248, 127, 147, 127, 239, 127, 18, 136, 0, 0, 132, 0]
[filterData] åˆ†é¡žçµæžœï¼šâœ… ç¬¬ä¸€çµ„ -> [255, 144, 4, 194, 115, 48, 96, 136, 15, 21, 0, 70, 1, 0, 0, 181, 0]
[filterData] åˆ†é¡žçµæžœï¼šðŸ’  ç¬¬äºŒçµ„ -> [255, 245, 127, 251, 127, 248, 127, 147, 127, 237, 127, 15, 136, 0, 0, 135, 0]
[filterData] åˆ†é¡žçµæžœï¼šâœ… ç¬¬ä¸€çµ„ -> [255, 68, 182, 197, 115, 48, 176, 125, 15, 21, 0, 70, 1, 0, 0, 7, 0]
[filterData] åˆ†é¡žçµæžœï¼šðŸ’  ç¬¬äºŒçµ„ -> [255, 244, 127, 250, 127, 248, 127, 152, 127, 244, 127, 17, 136, 0, 0, 123, 0]
[filterData] åˆ†é¡žçµæžœï¼šâœ… ç¬¬ä¸€çµ„ -> [255, 251, 103, 201, 115, 48, 176, 119, 15, 21, 0, 70, 1, 0, 0, 161, 0]
[filterData] åˆ†é¡žçµæžœï¼šðŸ’  ç¬¬äºŒçµ„ -> [255, 247, 127, 251, 127, 248, 127, 149, 127, 238, 127, 21, 136, 0, 0, 124, 0]
[filterData] åˆ†é¡žçµæžœï¼šâœ… ç¬¬ä¸€çµ„ -> [255, 16, 26, 205, 115, 48, 16, 117, 15, 21, 0, 70, 1, 0, 0, 119, 0]
[filterData] åˆ†é¡žçµæžœï¼šðŸ’  ç¬¬äºŒçµ„ -> [255, 245, 127, 250, 127, 248, 127, 151, 127, 239, 127, 23, 136, 0, 0, 122, 0]
[filterData] åˆ†é¡žçµæžœï¼šâœ… ç¬¬ä¸€çµ„ -> [255, 40, 204, 208, 115, 48, 176, 120, 15, 21, 0, 70, 1, 0, 0, 7, 0]
[filterData] åˆ†é¡žçµæžœï¼šðŸ’  ç¬¬äºŒçµ„ -> [255, 244, 127, 250, 127, 249, 127, 149, 127, 237, 127, 18, 136, 0, 0, 131, 0]
[filterData] åˆ†é¡žçµæžœï¼šâœ… ç¬¬ä¸€çµ„ -> [255, 220, 125, 212, 115, 48, 32, 127, 15, 21, 0, 70, 1, 0, 0, 39, 0]
[filterData] åˆ†é¡žçµæžœï¼šðŸ’  ç¬¬äºŒçµ„ -> [255, 247, 127, 250, 127, 248, 127, 147, 127, 235, 127, 21, 136, 0, 0, 130, 0]
[filterData] åˆ†é¡žçµæžœï¼šâœ… ç¬¬ä¸€çµ„ -> [255, 144, 47, 216, 115, 48, 224, 134, 15, 21, 0, 70, 1, 0, 0, 246, 0]
[filterData] åˆ†é¡žçµæžœï¼šðŸ’  ç¬¬äºŒçµ„ -> [255, 246, 127, 252, 127, 247, 127, 155, 127, 236, 127, 20, 136, 0, 0, 122, 0]
[filterData] åˆ†é¡žçµæžœï¼šâœ… ç¬¬ä¸€çµ„ -> [255, 68, 225, 219, 115, 48, 240, 137, 15, 21, 0, 70, 1, 0, 0, 122, 0]
[filterData] åˆ†é¡žçµæžœï¼šðŸ’  ç¬¬äºŒçµ„ -> [255, 246, 127, 250, 127, 248, 127, 147, 127, 238, 127, 18, 136, 0, 0, 131, 0]
[filterData] åˆ†é¡žçµæžœï¼šâœ… ç¬¬ä¸€çµ„ -> [255, 92, 147, 223, 115, 48, 208, 138, 15, 21, 0, 70, 1, 0, 0, 203, 0]
[filterData] åˆ†é¡žçµæžœï¼šðŸ’  ç¬¬äºŒçµ„ -> [255, 243, 127, 250, 127, 248, 127, 149, 127, 237, 127, 16, 136, 0, 0, 135, 0]




[filterData] åˆ†é¡žçµæžœï¼šâœ… ç¬¬ä¸€çµ„ -> [255, 138,  27, 245, 52, 25,  48, 158, 106, 0, 0, 90, 1, 0, 0, 135, 0]
[filterData] åˆ†é¡žçµæžœï¼šâœ… ç¬¬ä¸€çµ„ -> [255, 172, 203, 248, 52, 25, 192, 132, 106, 0, 0, 90, 1, 0, 0,  60, 0]
[filterData] åˆ†é¡žçµæžœï¼šâœ… ç¬¬ä¸€çµ„ -> [255,  52, 124, 252, 52, 25,   0, 109, 106, 0, 0, 90, 1, 0, 0, 214, 0]
[filterData] åˆ†é¡žçµæžœï¼šâœ… ç¬¬ä¸€çµ„ -> [255,  88,  44,   0, 53, 25, 240,  90, 106, 0, 0, 90, 1, 0, 0,  32, 0]
[filterData] åˆ†é¡žçµæžœï¼šâœ… ç¬¬ä¸€çµ„ -> [255, 127, 220,   3, 53, 25,  64,  92, 106, 0, 0, 90, 1, 0, 0, 244, 0]
[filterData] åˆ†é¡žçµæžœï¼šâœ… ç¬¬ä¸€çµ„ -> [255,   4, 141,   7, 53, 25,  80, 109, 106, 0, 0, 90, 1, 0, 0, 153, 0]
[filterData] åˆ†é¡žçµæžœï¼šâœ… ç¬¬ä¸€çµ„ -> [255, 140, 61,   11, 53, 25, 144, 138, 106, 0, 0, 90, 1, 0, 0,   0, 0]

[filterData] åˆ†é¡žçµæžœï¼šâœ… ç¬¬ä¸€çµ„ -> [255,  52, 127, 208, 78, 25, 144, 112, 112, 0, 0, 90, 1, 0, 0,  76, 0]
[filterData] åˆ†é¡žçµæžœï¼šâœ… ç¬¬ä¸€çµ„ -> [255, 247,  46, 212, 78, 25, 144, 141, 112, 0, 0, 90, 1, 0, 0, 185, 0]
[filterData] åˆ†é¡žçµæžœï¼šâœ… ç¬¬ä¸€çµ„ -> [255,  24, 223, 215, 78, 25, 176, 162, 112, 0, 0, 90, 1, 0, 0, 175, 0]

[filterData] åˆ†é¡žçµæžœï¼šâœ… ç¬¬ä¸€çµ„ -> [255, 216, 184,  87, 78, 25,  64, 169, 112, 0, 0, 90, 1, 0, 0, 255, 0]
[filterData] åˆ†é¡žçµæžœï¼šâœ… ç¬¬ä¸€çµ„ -> [255, 152, 104,  91, 78, 25, 144, 156, 112, 0, 0, 90, 1, 0, 0,  72, 0]

[filterData] åˆ†é¡žçµæžœï¼šâœ… ç¬¬ä¸€çµ„ -> [255,  88, 238, 226, 78, 25, 208, 130, 112, 0, 0, 90, 1, 0, 0,  85, 0]
[filterData] åˆ†é¡žçµæžœï¼šâœ… ç¬¬ä¸€çµ„ -> [255,  27, 158, 230, 78, 25, 112, 102, 112, 0, 0, 90, 1, 0, 0,  90, 0]






[filterData] è£ç½®ID: B0:B2:1C:21:34:76, åˆ†é¡žçµæžœï¼šðŸ’  ç¬¬äºŒçµ„ -> [255, 80, 178, 25, 0, 0, 0, 119, 120, 9, 0, 100, 48, 15, 29, 156, 66, 162, 174]
[filterData] è£ç½®ID: B0:B2:1C:21:34:76, åˆ†é¡žçµæžœï¼šðŸ’  ç¬¬äºŒçµ„ -> [255, 83, 178, 25, 0, 0, 16, 119, 120, 9, 0, 100, 48, 15, 29, 156, 66, 162, 155]
[filterData] è£ç½®ID: B0:B2:1C:21:34:76, åˆ†é¡žçµæžœï¼šðŸ’  ç¬¬äºŒçµ„ -> [255, 86, 178, 25, 0, 0, 16, 120, 120, 9, 0, 100, 48, 15, 29, 156, 66, 162, 151]
[filterData] è£ç½®ID: B0:B2:1C:21:34:76, åˆ†é¡žçµæžœï¼šðŸ’  ç¬¬äºŒçµ„ -> [255, 89, 178, 25, 0, 0, 240, 118, 120, 9, 0, 100, 48, 15, 29, 156, 66, 162, 182]
[filterData] è£ç½®ID: B0:B2:1C:21:34:76, åˆ†é¡žçµæžœï¼šðŸ’  ç¬¬äºŒçµ„ -> [255, 92, 178, 25, 0, 0, 16, 119, 120, 9, 0, 100, 48, 15, 29, 156, 66, 162, 146]
[filterData] è£ç½®ID: B0:B2:1C:21:34:76, åˆ†é¡žçµæžœï¼šðŸ’  ç¬¬äºŒçµ„ -> [255, 95, 178, 25, 0, 0, 0, 119, 120, 9, 0, 100, 48, 15, 29, 156, 66, 162, 159]
[filterData] è£ç½®ID: B0:B2:1C:21:34:76, åˆ†é¡žçµæžœï¼šðŸ’  ç¬¬äºŒçµ„ -> [255, 99, 178, 25, 0, 0, 208, 118, 120, 9, 0, 100, 48, 15, 29, 156, 66, 162, 204]
[filterData] è£ç½®ID: B0:B2:1C:21:34:76, åˆ†é¡žçµæžœï¼šðŸ’  ç¬¬äºŒçµ„ -> [255, 102, 178, 25, 0, 0, 208, 118, 120, 9, 0, 100, 48, 15, 29, 156, 66, 162, 201]
[filterData] è£ç½®ID: B0:B2:1C:21:34:76, åˆ†é¡žçµæžœï¼šðŸ’  ç¬¬äºŒçµ„ -> [255, 105, 178, 25, 0, 0, 240, 117, 120, 9, 0, 100, 48, 15, 29, 156, 66, 162, 167]
[filterData] è£ç½®ID: B0:B2:1C:21:34:76, åˆ†é¡žçµæžœï¼šðŸ’  ç¬¬äºŒçµ„ -> [255, 108, 178, 25, 0, 0, 64, 118, 120, 9, 0, 100, 48, 15, 29, 156, 66, 162, 83]
[filterData] è£ç½®ID: B0:B2:1C:21:34:76, åˆ†é¡žçµæžœï¼šðŸ’  ç¬¬äºŒçµ„ -> [255, 111, 178, 25, 0, 0, 32, 118, 120, 9, 0, 100, 48, 15, 29, 156, 66, 162, 112]
[filterData] è£ç½®ID: B0:B2:1C:21:34:76, åˆ†é¡žçµæžœï¼šðŸ’  ç¬¬äºŒçµ„ -> [255, 114, 178, 25, 0, 0, 80, 118, 120, 9, 0, 100, 48, 15, 29, 156, 66, 162, 61]
[filterData] è£ç½®ID: B0:B2:1C:21:34:76, åˆ†é¡žçµæžœï¼šðŸ’  ç¬¬äºŒçµ„ -> [255, 117, 178, 25, 0, 0, 176, 119, 120, 9, 0, 100, 48, 15, 29, 156, 66, 162, 217]
[filterData] è£ç½®ID: B0:B2:1C:21:34:76, åˆ†é¡žçµæžœï¼šðŸ’  ç¬¬äºŒçµ„ -> [255, 120, 178, 25, 0, 0, 160, 118, 120, 9, 0, 100, 48, 15, 29, 156, 66, 162, 231]
[filterData] è£ç½®ID: B0:B2:1C:21:34:76, åˆ†é¡žçµæžœï¼šðŸ’  ç¬¬äºŒçµ„ -> [255, 124, 178, 25, 0, 0, 176, 118, 120, 9, 0, 100, 48, 15, 29, 156, 66, 162, 211]
[filterData] è£ç½®ID: B0:B2:1C:21:34:76, åˆ†é¡žçµæžœï¼šðŸ’  ç¬¬äºŒçµ„ -> [255, 127, 178, 25, 0, 0, 16, 119, 120, 9, 0, 100, 48, 15, 29, 156, 66, 162, 111]
[filterData] è£ç½®ID: B0:B2:1C:21:34:76, åˆ†é¡žçµæžœï¼šðŸ’  ç¬¬äºŒçµ„ -> [255, 130, 178, 25, 0, 0, 0, 119, 120, 9, 0, 100, 48, 15, 29, 156, 66, 162, 124]
[filterData] è£ç½®ID: B0:B2:1C:21:34:76, åˆ†é¡žçµæžœï¼šðŸ’  ç¬¬äºŒçµ„ -> [255, 133, 178, 25, 0, 0, 48, 119, 120, 9, 0, 100, 48, 15, 29, 156, 66, 162, 73]
[filterData] è£ç½®ID: B0:B2:1C:21:34:76, åˆ†é¡žçµæžœï¼šðŸ’  ç¬¬äºŒçµ„ -> [255, 136, 178, 25, 0, 0, 64, 118, 120, 9, 0, 100, 48, 15, 29, 156, 66, 162, 55]
[filterData] è£ç½®ID: B0:B2:1C:21:34:76, åˆ†é¡žçµæžœï¼šðŸ’  ç¬¬äºŒçµ„ -> [255, 139, 178, 25, 0, 0, 160, 114, 120, 9, 0, 100, 48, 15, 29, 156, 66, 162, 216]
[filterData] è£ç½®ID: B0:B2:1C:21:34:76, åˆ†é¡žçµæžœï¼šðŸ’  ç¬¬äºŒçµ„ -> [255, 142, 178, 25, 0, 0, 144, 119, 120, 9, 0, 100, 48, 15, 29, 156, 66, 162, 224]
[filterData] è£ç½®ID: B0:B2:1C:21:34:76, åˆ†é¡žçµæžœï¼šðŸ’  ç¬¬äºŒçµ„ -> [255, 145, 178, 25, 0, 0, 160, 118, 120, 9, 0, 100, 48, 15, 29, 156, 66, 162, 206]

[å»£æ’­æ¨¡å¼ç¯©é¸MAC] [Manufacturer Data] {54905: [25, 0, 0, 112, 118, 137, 9, 0, 100, 44, 15, 29, 156, 66, 162, 229,              48, 49, 50, 51, 52, 53, 54, 55]}
[å»£æ’­æ¨¡å¼ç¯©é¸MAC] [Manufacturer Data] {54975: [25, 0, 0,   0, 119, 137, 9, 0, 100, 44, 15, 29, 156, 66, 162,  14,              48, 49, 50, 51, 52, 53, 54, 55]}
[å»£æ’­æ¨¡å¼ç¯©é¸MAC] [Manufacturer Data] {54978: [25, 0, 0, 240, 119, 137, 9, 0, 100, 44, 15, 29, 156, 66, 162,  27,              48, 49, 50, 51, 52, 53, 54, 55]}
[å»£æ’­æ¨¡å¼ç¯©é¸MAC] [Manufacturer Data] {54997: [25, 0, 0, 144, 119, 160, 9, 0, 100, 44, 15, 29, 156, 66, 162,  81,              48, 49, 50, 51, 52, 53, 54, 55]}
[å»£æ’­æ¨¡å¼ç¯©é¸MAC] [Manufacturer Data] {55000: [25, 0, 0,  80, 118, 160, 9, 0, 100, 44, 15, 29, 156, 66, 162, 143,              48, 49, 50, 51, 52, 53, 54, 55]}
[å»£æ’­æ¨¡å¼ç¯©é¸MAC] [Manufacturer Data] {55010: [25, 0, 0,  48, 118, 160, 9, 0, 100, 44, 15, 29, 156, 66, 162, 165,              48, 49, 50, 51, 52, 53, 54, 55]}
[å»£æ’­æ¨¡å¼ç¯©é¸MAC] [Manufacturer Data] {55013: [25, 0, 0,  48, 118, 160, 9, 0, 100, 44, 15, 29, 156, 66, 162, 162,              48, 49, 50, 51, 52, 53, 54, 55]}
[å»£æ’­æ¨¡å¼ç¯©é¸MAC] [Manufacturer Data] {55022: [25, 0, 0, 192, 118, 160, 9, 0, 100, 44, 15, 29, 156, 66, 162,   9,              48, 49, 50, 51, 52, 53, 54, 55]}
[å»£æ’­æ¨¡å¼ç¯©é¸MAC] [Manufacturer Data] {55028: [25, 0, 0,  32, 119, 160, 9, 0, 100, 44, 15, 29, 156, 66, 162, 162,              48, 49, 50, 51, 52, 53, 54, 55]}
[å»£æ’­æ¨¡å¼ç¯©é¸MAC] [Manufacturer Data] {55031: [25, 0, 0, 176, 119, 160, 9, 0, 100, 44, 15, 29, 156, 66, 162,  15,              48, 49, 50, 51, 52, 53, 54, 55]}
[å»£æ’­æ¨¡å¼ç¯©é¸MAC] [Manufacturer Data] {55041: [25, 0, 0, 224, 119, 160, 9, 0, 100, 44, 15, 29, 156, 66, 162, 212,              48, 49, 50, 51, 52, 53, 54, 55]}
[å»£æ’­æ¨¡å¼ç¯©é¸MAC] [Manufacturer Data] {55044: [25, 0, 0, 240, 119, 160, 9, 0, 100, 44, 15, 29, 156, 66, 162, 193,              48, 49, 50, 51, 52, 53, 54, 55]}
[å»£æ’­æ¨¡å¼ç¯©é¸MAC] [Manufacturer Data] {55047: [25, 0, 0, 208, 119, 160, 9, 0, 100, 44, 15, 29, 156, 66, 162, 222,              48, 49, 50, 51, 52, 53, 54, 55]}
[å»£æ’­æ¨¡å¼ç¯©é¸MAC] [Manufacturer Data] {55047: [25, 0, 0, 208, 119, 160, 9, 0, 100, 44, 15, 29, 156, 66, 162, 222,              48, 49, 50, 51, 52, 53, 54, 55]}
[å»£æ’­æ¨¡å¼ç¯©é¸MAC] [Manufacturer Data] {55053: [25, 0, 0,  48, 119, 160, 9, 0, 100, 44, 15, 29, 156, 66, 162, 120,              48, 49, 50, 51, 52, 53, 54, 55]}
[å»£æ’­æ¨¡å¼ç¯©é¸MAC] [Manufacturer Data] {55056: [25, 0, 0,  48, 118, 160, 9, 0, 100, 44, 15, 29, 156, 66, 162, 118,              48, 49, 50, 51, 52, 53, 54, 55]}
[å»£æ’­æ¨¡å¼ç¯©é¸MAC] [Manufacturer Data] {55063: [25, 0, 0,  16, 118, 160, 9, 0, 100, 44, 15, 29, 156, 66, 162, 143,              48, 49, 50, 51, 52, 53, 54, 55]}
[å»£æ’­æ¨¡å¼ç¯©é¸MAC] [Manufacturer Data] {55066: [25, 0, 0, 192, 117, 160, 9, 0, 100, 44, 15, 29, 156, 66, 162, 221,              48, 49, 50, 51, 52, 53, 54, 55]}
[å»£æ’­æ¨¡å¼ç¯©é¸MAC] [Manufacturer Data] {55072: [25, 0, 0, 176, 118, 160, 9, 0, 100, 44, 15, 29, 156, 66, 162, 230,              48, 49, 50, 51, 52, 53, 54, 55]}
[å»£æ’­æ¨¡å¼ç¯©é¸MAC] [Manufacturer Data] {55072: [25, 0, 0, 176, 118, 160, 9, 0, 100, 44, 15, 29, 156, 66, 162, 230,              48, 49, 50, 51, 52, 53, 54, 55]}
[å»£æ’­æ¨¡å¼ç¯©é¸MAC] [Manufacturer Data] {55141: [25, 0, 0,   0, 120, 160, 9, 0, 100, 44, 15, 29, 156, 66, 162,  79,              48, 49, 50, 51, 52, 53, 54, 55]}
[å»£æ’­æ¨¡å¼ç¯©é¸MAC] [Manufacturer Data] {55144: [25, 0, 0,  16, 119, 160, 9, 0, 100, 44, 15, 29, 156, 66, 162,  61,              48, 49, 50, 51, 52, 53, 54, 55]}
[å»£æ’­æ¨¡å¼ç¯©é¸MAC] [Manufacturer Data] {55150: [25, 0, 0, 240, 118, 160, 9, 0, 100, 44, 15, 29, 156, 66, 162,  88,              48, 49, 50, 51, 52, 53, 54, 55]}
[å»£æ’­æ¨¡å¼ç¯©é¸MAC] [Manufacturer Data] {55156: [25, 0, 0,   0, 119, 128, 9, 0, 100, 44, 15, 29, 156, 66, 162,  97,              48, 49, 50, 51, 52, 53, 54, 55]}
[å»£æ’­æ¨¡å¼ç¯©é¸MAC] [Manufacturer Data] {55160: [25, 0, 0, 176, 118, 128, 9, 0, 100, 44, 15, 29, 156, 66, 162, 174,              48, 49, 50, 51, 52, 53, 54, 55]}